14 17 14 17 14 17 14 17 14 17 14 17 14 17 14 17 14 17 14 17 14 17 
17 14 17 14 17 14 17 14 17 14 17 14 17 14 17 14 17 14 17 14 17 14 
17 14 17 14 17 14 17 14 17 14 14 17 14 17 14 16 19 16 19 16 19 16 
14 17 14 17 14 17 14 17 14 17 17 14 17 14 16 2 2 5 2 2 2 2 
17 14 17 14 17 14 17 14 17 14 14 17 14 16 2 5 2 51 2 1 2 2 
17 14 17 14 17 14 17 14 17 14 17 14 16 1 2 43 2 2 2 1 2 2 
17 14 17 14 17 17 14 17 14 16 19 16 2 1 2 1 2 2 5 2 2 2 
14 17 14 17 14 17 14 17 14 3 3 2 2 2 2 2 2 2 6 2 2 2 
17 14 17 14 17 14 17 14 16 3 2 2 1 2 5 2 1 1 2 5 2 2 
17 14 17 14 17 14 17 14 2 3 2 6 2 6 2 5 2 2 2 2 2 2 
14 17 14 17 14 17 14 16 3 2 2 2 2 51 2 5 2 2 2 2 2 2 
17 14 17 14 17 14 16 3 3 2 59 56 2 2 2 2 2 43 2 5 2 2 
14 17 14 17 14 16 3 3 2 2 60 57 2 2 6 2 5 2 2 2 2 2 
17 14 17 14 14 3 2 2 2 1 61 58 1 2 2 2 2 51 2 2 2 2 
14 17 14 17 14 3 2 5 2 2 2 2 2 2 43 2 2 2 2 2 2 2 
17 14 17 14 14 3 26 25 25 25 25 25 25 25 25 25 24 2 2 26 25 25 

