17 14 17 14 17 14 17 14 17 14 17 14 17 14 17 14 17 14 17 14 17 14 
14 17 14 17 14 17 14 17 14 17 14 17 14 17 14 17 14 17 14 17 14 17 
16 19 16 19 16 19 16 19 16 19 16 19 17 14 17 14 17 14 17 14 17 14 
2 2 2 2 2 2 2 2 2 2 2 2 19 17 14 17 14 17 14 17 14 17 
2 2 1 2 2 2 2 2 2 2 2 2 2 19 18 14 17 14 17 14 17 14 
2 2 1 2 2 7 2 7 2 1 2 1 2 2 19 17 14 17 14 17 14 17 
1 2 2 1 2 2 2 2 2 2 43 2 2 2 2 19 16 19 16 19 16 19 
2 2 2 2 2 2 43 1 2 2 2 2 2 1 2 2 2 2 2 2 2 2 
2 1 2 20 2 2 2 2 2 2 1 2 5 5 2 5 2 2 1 2 2 2 
2 2 20 20 2 2 1 2 2 43 2 2 5 40 37 34 2 5 2 5 2 2 
2 2 2 2 20 2 2 2 2 2 43 2 2 42 39 36 2 2 20 2 2 2 
2 2 2 2 2 2 2 2 43 2 2 2 2 2 5 2 43 2 2 2 1 2 
2 1 2 2 43 2 2 2 2 2 2 2 2 1 2 2 2 2 20 2 2 2 
2 2 1 2 2 2 2 2 23 22 22 22 21 2 5 2 2 2 2 2 2 2 
2 2 2 2 1 2 2 2 2 2 2 2 2 2 2 2 43 2 2 2 2 2 
25 25 25 25 25 25 25 25 25 25 25 25 25 25 25 25 25 25 25 25 25 25 

