15 26 25 25 25 25 25 25 25 25 24 140 139 138 137 136 26 25 25 25 25 30 
16 2 2 2 2 63 62 2 6 2 5 144 144 143 141 141 2 2 1 2 2 28 
2 5 2 1 2 2 2 2 2 2 2 144 144 143 141 141 2 51 2 6 2 28 
2 2 1 2 5 5 2 1 2 1 2 150 149 148 147 146 2 1 2 2 1 28 
2 2 2 2 2 2 2 2 1 52 2 155 152 153 152 151 2 1 2 2 2 28 
2 2 5 2 6 2 2 63 62 2 2 160 157 158 157 156 2 2 52 63 62 28 
2 1 63 62 2 2 1 2 2 2 2 2 55 53 55 51 2 1 2 6 2 28 
2 2 2 1 2 2 2 2 2 5 2 52 53 53 55 2 2 2 2 2 2 28 
2 1 2 69 67 67 67 67 67 67 67 67 67 67 67 67 67 67 67 67 64 28 
2 2 2 70 86 92 86 86 90 86 86 92 86 86 86 91 86 92 93 86 65 28 
2 2 2 70 91 86 86 93 93 93 86 86 86 91 86 86 90 86 86 92 65 33 
2 1 2 70 92 129 128 128 128 128 128 128 128 128 128 128 128 128 128 128 128 128 
2 2 2 70 86 132 131 131 131 131 131 131 131 131 131 131 131 131 131 131 131 131 
2 2 2 70 90 132 131 122 131 131 131 131 131 122 131 131 131 131 122 131 131 131 
2 2 2 71 68 132 131 131 121 131 131 131 131 131 131 131 131 131 131 122 131 131 
25 25 25 25 24 132 131 131 131 121 131 131 122 131 131 131 131 122 131 131 131 131 

