19 16 19 16 26 25 25 25 25 25 25 25 25 25 25 25 24 2 2 26 25 30 
29 2 2 2 2 20 2 2 2 2 2 2 2 2 2 2 2 2 2 2 2 28 
28 2 20 2 6 2 2 6 2 2 20 2 3 2 2 2 2 1 2 2 2 28 
28 2 2 2 2 20 2 52 2 2 2 2 2 2 2 2 2 2 2 2 2 28 
28 2 2 2 2 2 2 2 3 2 1 2 3 3 2 1 2 3 2 2 1 28 
28 2 2 2 6 2 2 2 2 52 2 2 2 3 2 2 1 2 2 2 2 28 
28 2 3 2 2 1 1 2 2 2 2 2 52 1 2 2 2 2 2 51 2 28 
28 2 2 2 2 20 1 2 2 2 2 2 2 3 2 1 2 51 2 1 2 28 
28 2 2 2 2 2 2 2 52 2 1 2 2 2 2 2 2 2 2 2 2 28 
28 2 52 2 6 2 20 2 2 2 2 2 2 2 2 2 2 2 20 2 2 28 
28 2 2 2 2 2 2 6 2 2 2 18 15 2 51 20 2 2 2 2 2 28 
28 2 2 20 2 2 2 2 2 51 2 19 16 1 2 2 2 2 2 2 2 28 
28 2 3 2 2 2 1 2 2 2 2 2 2 2 2 2 2 20 2 2 2 28 
28 2 2 6 2 2 2 1 2 2 3 2 2 6 2 2 2 2 2 63 62 28 
28 2 2 2 2 2 2 2 2 2 2 2 2 2 2 2 20 2 2 2 2 28 
33 25 25 25 25 25 25 25 25 25 25 25 25 25 25 25 25 25 25 25 25 31 

