A13F00
000002
000000
203001
0F3F01
0F4000
203001
0F4000
015000
208100
208100
1F8000
015000
005200
1F8000
208002
208100
218201
208100
218103
218201
208100
208100
208100
004F00
0F4000
0F4000
024F00
218000
208100
208100
208100
A04100
000000
003F12
0F4000
0E3E00
0F4000
000000
0F4000
208100
218000
208002
208100
015000
024F00
208100
208100
218000
208100
1E8100
208100
1F8000
208100
208100
1F8000
0F4000
020003
0F4000
015000
1E8100
208100
208100
208100
9E4000
0F4000
015000
218201
208100
025100
0F4000
104100
208100
208100
208002
1E8100
208100
208100
208100
208100
208100
218201
208002
208100
208100
208100
218103
208100
0F4000
0F4000
005200
208100
208100
1F8000
218000
208100
9F4000
0E4100
015000
208100
208100
208100
0F4000
104100
015000
208100
218201
218000
208100
208100
208100
208100
208100
208100
218000
208100
208100
208100
208100
218201
024F00
015000
208100
228101
1F8000
208100
1F8000
208100
9F4000
0F4000
015000
208100
208100
208100
0F4000
000000
0F4000
0F4000
0F4000
015000
208100
208100
1E8100
208100
004F00
113F00
113F00
015000
208100
208100
208100
208100
218000
1E8100
208100
208100
228101
208100
218201
208100
9F4000
0F4000
015001
228101
218201
208100
004F00
0F4000
104100
0F3F01
010002
0F4000
208100
208100
218000
208100
0F4000
000000
0F4200
015000
228101
208100
218000
208100
208100
208100
208100
208100
208100
208100
208100
208100
9E4000
000000
003F10
0F4000
0E3F00
015000
208100
208100
1E8102
024F00
0F4000
0F4000
1E8100
208100
1F8000
208100
0F4000
0F4000
015000
208002
1E8100
208100
208100
208100
208100
208002
218000
208100
208100
208100
208100
208100
9F4000
000000
000000
000000
000000
0E4100
208100
208100
208100
208100
015000
015000
208100
208100
208100
218000
015000
004F00
208100
218000
208100
208002
208100
208100
208100
208100
208100
208100
208100
208100
208100
218201
9F4000
010000
010000
000000
000002
0F4000
208100
208002
208100
208002
218201
208002
208100
208100
208100
218201
208100
208100
208100
208100
208100
208100
208100
208100
208100
208100
208100
208100
208100
208100
208100
208100
A13F00
208100
0F3F01
000002
000000
0E3E00
015000
208100
208100
208100
208100
208100
1E8100
208100
208100
1E8102
208100
208100
208100
208100
208100
208100
208100
208100
208100
208100
208100
208100
208100
208100
208100
208100
B0BF00
71E101
218201
000000
000000
010101
0F4000
015000
218201
208100
208100
208100
208100
208100
208100
208100
208100
208100
208100
208100
208100
208100
208100
208100
208100
208100
208100
208100
208100
208100
208100
208100
B0BF00
6EE100
218000
010000
000000
000002
0E4100
015000
208100
1F8000
208100
208100
208100
208100
208100
208100
208100
208100
208100
208100
208100
208100
208100
208100
208100
208100
208100
208100
208100
208100
208100
208100
ACC100
70E000
218002
000000
000000
0F3F01
015001
218000
208100
208100
015000
124000
113F00
004E00
208002
208100
208100
208100
208100
208100
208100
208100
208100
208100
208100
208100
208100
208100
208100
208100
208100
208100
A2C801
70E000
208100
000000
000000
0F4000
218103
208100
208100
228101
0F4000
000000
0F4000
015000
218201
208100
208100
208100
208100
208100
208100
208100
208100
208100
208100
208100
208100
208100
208100
208100
208100
208100
99CD00
70E000
218201
010000
000000
0F4000
208002
1F8000
208002
208100
0F4000
0E3E00
015000
208100
208100
208100
208100
208100
208100
208100
208100
208100
208100
208100
208100
208100
208100
208100
208100
208100
208100
208100
95D002
70E000
208100
208100
0F4000
104100
005200
207E02
208100
208100
015000
005200
208100
208100
228101
208100
208100
208100
208100
208100
208100
208100
208100
208100
208100
208100
208100
208100
208100
208100
208100
208100
8AD600
71E101
6EE100
6FE201
208100
000000
0F4000
015000
208100
208100
208100
208100
208100
208100
218000
208100
208100
208100
208100
208100
208100
208100
208100
208100
208100
208100
208100
208100
208100
208100
208100
208100
8AD600
71E101
70E000
70E000
208100
000000
0F4000
015001
208100
208100
208100
208100
208100
208100
218201
218002
208100
208100
208100
208100
208100
208100
208100
208100
208100
208100
208100
208100
208100
208100
208100
208100
8CD500
70E002
70E000
71E101
1F8000
0F4000
015000
1E8100
208100
208100
208100
208100
208100
1E8102
208100
208100
208100
208100
208100
208100
208100
208100
208100
208100
208100
208100
208100
208100
208100
208100
208100
208100
8ED400
70E000
70E000
70E002
237F00
208100
005100
218201
1F7F01
208100
1E8100
218201
208100
208100
208100
208100
208100
208100
208100
208100
208100
208100
208100
208100
208100
208100
208100
208100
208100
208100
208100
208100
9BCC01
71DF00
71DF00
71DF00
70E000
70E000
208100
015000
208100
208100
208100
208002
024F00
015000
208100
228101
208100
208100
208100
208100
208100
208100
208100
208100
208100
208100
208100
208100
208100
208100
208100
208100
96D000
6FDF00
70E000
71E101
70E000
6FDF00
208100
208100
208100
1E8100
218000
208100
0F4000
0F4000
015000
208100
208100
208100
208100
208100
208100
208100
208100
208100
208100
208100
208100
208100
208100
208100
208100
208100
84D700
70E000
71DF00
73DF00
70E000
71E101
70E000
70E000
208100
1E8100
218201
1F8000
113F00
000000
0F4000
015000
208100
208100
208100
208100
208100
208100
208100
208100
208100
208100
208100
208100
208100
208100
208100
208100
79DD00
70E000
70E002
6EE100
70E000
70E000
70E000
70E002
71DF00
208100
208100
208100
015000
0F4000
0F4000
015001
208100
208100
208100
208100
208100
208100
208100
208100
208100
208100
208100
208100
208100
208100
208100
208100
75DF01
70E000
70E000
6FDF00
70E000
70E000
70E000
70E000
70E000
71E100
208100
024F00
1F8000
208100
208100
208100
218201
208100
208100
208100
208002
208100
208002
208100
208100
208100
208100
208002
208100
208100
208100
1E8100
72E001
70E000
70E000
70E000
70E000
70E000
70E000
70E000
70E000
70E000
208002
1E8100
218002
208100
208100
1E8100
218000
208100
1F8000
208100
208100
208100
1E8100
208100
208100
208100
1E8100
208100
208100
208100
208100
1E8102
71DF00
70E000
70E000
70E000
70E000
70E000
70E000
70E000
70E000
70E000
71E101
70E000
6EE100
71E100
208100
015000
208100
208100
208100
208100
015000
0F4000
113F00
015000
208100
208100
208100
208100
1F8000
208100
208100
208100
71DF00
70E000
70E000
70E000
70E000
70E000
70E000
70E000
70E000
70E000
70E000
6EE100
71DF00
71E101
208002
208100
207F01
208100
208100
208100
015000
0F4000
0E3E00
015000
218201
1E8100
208100
208100
1E8100
208100
1F8000
208100
73DF00
70E000
70E000
70E000
70E000
70E000
70E000
70E000
70E000
71E101
70E000
70E000
6EE100
70E000
70E000
71E103
70E000
70E000
218000
024F00
208100
208100
208100
1F7F01
208100
218000
015000
113F00
0F3F01
025100
208100
208100
73DF00
70E000
70E000
70E000
70E000
70E000
70E000
70E000
70E000
70E000
70E000
71E101
70E000
70E000
71DF00
70E000
70E000
70E000
208100
218200
1E8102
208100
208100
208100
208100
208100
024F00
0F4000
0F4000
015000
208100
218000
82D901
70E000
71DF00
70E000
70E000
6EE100
70E000
70E000
70E000
70E000
70E000
70E000
70E000
70E000
70E000
70DE01
70E000
70E000
70E000
70E000
71DF00
70E000
70E000
70E000
1F8300
015000
218000
208002
208100
208100
004F00
004F00
A0C901
70E000
70E000
6FDF00
70E000
70E000
70E000
6EE100
70E000
70E000
70E000
70E000
70E000
70E000
70E002
70E000
70E000
6EE100
70E000
70E000
71E100
71E101
70E000
70E000
208002
0F4000
015000
208100
208100
218201
015000
015000
