208100
208100
208002
208100
015000
0F4000
000000
0F4000
208100
218000
208100
208100
218002
208100
208100
218000
208100
208100
208100
1E8100
208100
208100
208100
208100
208100
208100
208100
208100
1E8100
208100
208100
457400
1E8100
208100
1E8100
208100
025102
104002
000000
0F4000
208100
208100
208002
208100
208100
208100
208100
208100
208100
208002
218103
208100
208100
208100
015000
015000
208100
208100
208100
208002
103E00
011700
196B00
4F7800
208100
208100
208100
218201
208100
015001
0F4000
0F4000
1E8100
208100
208100
208100
208100
1F8201
005100
0E3E00
103E00
015000
208100
208100
218201
208100
208100
1E8100
1E8100
208100
208100
208100
0F3F01
011700
196A01
4E7700
208002
208100
208100
208100
208100
218201
015000
015000
208100
208100
208100
208100
208100
208100
015000
0F4000
000000
104100
1E8100
208100
208100
208100
208100
208100
208100
208100
208100
024F00
0F4000
011700
196B00
4C7800
208100
208100
208100
228101
208100
208100
1E8100
208100
208100
208100
208100
208002
1F8000
208100
208003
004F00
0F4000
0F4000
208100
218000
208100
208100
1D8000
218201
208100
1E8100
025102
114201
000004
011B00
1A6E00
5C7300
208100
218000
218000
208100
208002
208100
208100
208100
208100
208100
208100
208100
208100
218000
218000
218200
015000
015001
208100
208100
208100
208100
208100
218000
218104
208100
015000
113F00
0F4000
03430F
176800
647201
208100
208100
208100
208100
208002
208100
1F7F01
208100
218000
208100
208002
208100
208100
208100
208002
208100
218000
218000
208100
208100
208002
218002
208100
218201
208002
1F8000
218000
218201
207F00
025100
155602
457B01
208100
208100
218201
1F8000
218000
208100
208100
208100
208100
218201
208100
1D8001
208100
208100
218201
208100
1F8000
208100
208100
208100
1D8001
208100
208100
208100
218201
218000
208100
208002
1F8000
005301
135300
467C02
208100
208100
208100
208100
208100
208100
208100
208100
208100
208100
208100
208100
208100
208100
208100
208100
208100
208100
208100
218000
024F00
0F4000
0F4000
004F00
208100
1E8200
208100
218002
228302
005100
114900
3B7D02
208100
208100
208100
208100
208100
208100
208100
208100
208100
208100
208100
208100
208100
208100
208100
208100
208100
208100
208100
1E8100
015000
0F4000
020003
0F4000
208100
208100
208100
1E8100
218201
015000
114900
387D00
208100
208100
208100
208100
208100
208100
208100
208100
208100
208100
208100
208100
208100
208100
208100
208100
208100
218000
208100
208100
208100
005200
0F4000
0F4000
208100
208100
208100
208100
004F00
00400E
052702
387D00
208100
208100
208100
208100
208100
208100
208100
208100
208100
208100
208100
208100
208100
208100
208100
208100
208100
1F8000
208100
208100
228101
208100
015000
024F00
208100
208100
208100
208100
015000
003F12
042301
437B00
208100
208100
208100
208100
208100
208100
208100
208100
208100
208100
208100
208100
208100
208100
208100
208100
208100
218201
208100
228101
208100
208100
1E8100
218000
1E8100
208100
208100
1E8102
218201
005200
104800
457B01
208100
208100
208100
208100
208100
208100
208100
208100
208100
208100
208100
208100
208100
208100
208100
208100
208100
208100
208100
208100
1F8000
208100
208100
208100
208100
208100
208100
208100
208100
015000
104800
457B01
208100
208100
208100
208100
208100
208100
208100
208100
208100
208100
208100
208100
208100
208100
208100
208100
208100
208100
208100
208100
208100
218000
208002
208100
208002
1E8102
1E8102
1F8201
015000
003F10
042301
487C00
208100
208100
208100
208100
208100
208100
208100
208100
208100
208100
208100
208100
208100
208100
208100
208100
218201
208100
208100
208100
208100
208100
208100
208100
1F8000
208100
1F7F01
208100
0F4000
010103
104800
477A01
208100
208100
208100
208100
208100
208100
208100
208100
208100
208100
208100
208100
208100
208100
208100
208100
208002
1F8000
208100
1E8100
208100
1F8000
218201
208100
208100
208002
218000
208100
0F4000
014011
045400
2E7D00
208100
208100
208100
208100
208100
208100
208100
208100
208100
208100
208100
208100
208100
208100
208100
208100
1F8000
208100
218002
208100
208100
208100
208100
1F8000
208100
208100
218201
014E00
0F4000
015001
208100
2E7D00
208100
208100
208100
208100
208100
208100
208100
208100
208100
208100
208100
208100
208100
208100
208100
208100
208100
218002
218000
208100
015000
015000
208100
208100
208002
208100
015000
0F4000
000000
015000
218201
2E7D00
208100
208100
208100
208100
208100
208100
208100
208100
208100
208100
208100
208100
208100
208100
208100
208100
1E8100
208100
218201
004F00
0F4000
0F4000
208100
208100
208100
015000
0F4000
000000
000000
003F12
055500
2E7D00
208100
208100
208100
208100
208100
208100
208100
208100
208100
208100
208100
208100
208100
208100
208100
208100
208100
208100
015000
0F4000
010101
0F4000
208100
1F8000
004F00
0F4000
000000
000002
010101
000002
104800
447C01
208100
208100
208100
208100
208100
208100
208100
208100
208100
208100
208100
208100
208100
208100
208100
208100
1F8000
208100
015000
0F4000
0F4000
005200
208100
208100
004F00
0E3F00
000002
000000
0E4100
004F00
104500
5C7500
208100
208100
208100
208100
208100
208100
208100
208100
208100
208100
208100
208100
208100
208100
208100
208100
218201
208100
208100
208100
208100
218201
1F8000
208100
208100
005200
0F4000
0F4000
015000
015000
1D8000
367A00
208100
208100
208100
208100
208100
208100
208100
208100
208100
208100
208100
208100
208100
208100
208100
208100
1F8000
1F8000
208100
208100
1F8000
208100
208100
218103
208100
004F00
104100
0F4000
218201
208002
1E8100
347C00
208100
208100
208100
208100
208100
218000
218000
208100
1F8000
218201
015000
0F4000
0F3F01
005100
208100
208100
208002
208100
208100
208100
015000
015000
208002
208100
005200
0F4000
000002
0F4000
208100
207F00
208100
317D00
218002
1F8000
208002
208100
208100
208100
208002
208100
1F7F02
208100
005100
0E3E00
0F3F01
015000
208100
208100
208100
218000
208100
208100
015000
014F03
208100
218201
004F00
0F4000
0F4000
004F00
208100
019000
208100
287E00
1F8000
208100
218000
1F8000
218000
208100
208100
1E8100
208100
208100
208002
1E8100
208100
208100
1F8000
218201
015000
015000
218000
1F8000
208100
208100
208100
208100
218201
218201
218201
218201
004F00
015000
208100
297F00
208100
208100
208100
208100
218201
218000
208100
208100
218000
208002
208100
1F8000
1F8000
208100
208100
208002
113F00
0E4100
015000
208100
208100
208002
207F00
218000
228101
1F8000
208002
207F01
015000
035201
208100
307C00
208100
208100
015000
0F4000
0F4000
015000
208100
1D8000
208002
208100
208100
1F8000
024F00
035000
1D8000
208100
0F4000
000000
123E00
015000
1F8000
1D8000
218000
208100
1E8100
218000
208100
208100
208100
019000
208100
2E7D00
208100
208100
015000
0F3F01
0E4100
015000
218201
208100
208100
1F7F01
208100
208100
004F00
015001
208100
208100
004F00
010000
00400E
015000
208100
208100
208100
208100
208100
208100
208100
208100
208100
208100
1F8000
2E7D00
208100
218201
218000
208100
208100
208100
005001
015001
208100
208100
015000
024F00
1E8100
208100
218000
208100
124701
104500
015000
1F8000
208002
208002
1E8100
208100
207F01
208100
1F7F01
208100
208003
218201
1E8100
267F00
208100
208100
208100
208100
208100
015000
113F00
0E3E00
015000
014F03
0F4000
203001
625F00
606000
467100
3E7800
2C7C00
3D7A01
5C6400
546900
208100
208100
208002
208100
208100
208100
208100
208100
208100
208100
1E8100
2E7F00
