208100
208100
208100
208100
024F00
0F4000
0F4000
004F00
208100
218000
208100
208100
218002
208100
208100
218000
208100
208100
208100
208100
208100
1E8100
015000
015001
208100
208100
208100
208100
004F00
0F4000
000000
208100
208100
208100
208100
1E8100
015000
0F4000
010002
0F4000
208100
208100
208002
208100
208100
208100
208100
208002
208100
1E8100
208002
208100
208100
218201
015000
015000
208100
208100
1E8100
208100
0F4000
000000
000002
208100
208100
218000
208100
208100
208100
005200
0F4000
0F4000
1E8100
208100
208100
208100
208100
1F8201
015000
0E3F00
113F00
015000
218000
1F8201
208100
208100
208002
208100
1F8201
208100
218201
218200
0F4000
010000
000000
208100
208100
1F8000
208100
208100
228101
208100
015000
024F00
208100
208100
208100
208100
208100
208100
015000
0F4000
000000
113F00
208100
208100
208100
208100
208100
208100
218201
218000
1E8102
015001
0F4000
000000
000000
208100
208100
218201
208100
228101
208100
208100
1E8100
218000
208100
208100
208100
208002
1F8000
208100
208002
004F00
0F4000
0F3F01
208100
208100
208100
208100
208100
208100
208100
208100
015000
0E4001
000000
000002
000000
208100
208100
208100
208100
208100
1F8000
208100
208100
208100
208100
208100
208100
208100
208100
218000
218000
218200
015000
015000
208100
208100
208100
208100
208100
208100
208100
218201
015001
0F4000
0E3F00
0F4000
000000
218000
208100
208100
208100
208100
208100
218000
208002
1F8000
218000
208100
208002
208100
208100
208100
208002
208100
208100
1F8000
208100
208100
208100
208100
208100
208100
208100
208100
208100
208100
208100
015000
0E3E00
218201
218201
208100
208100
208100
208100
208100
208100
208100
208100
218201
208100
1D8001
208100
208100
218201
208100
208100
208100
218201
208100
208100
208100
208100
208100
208100
208100
208100
208100
208100
1E8100
0F4000
208002
208100
208100
208100
208100
208100
208100
208100
208100
208100
208100
208100
208100
208100
208100
208100
208100
208100
208100
208100
208100
024F00
0F4000
0F4000
004F00
208100
208002
218201
208100
208100
208100
0F4000
208100
208100
208100
208100
208100
208100
208100
208100
208100
208100
208100
208100
208100
208100
208100
208100
208100
208100
208100
208100
1E8100
015000
0F4000
010002
0F4000
218000
208100
208100
208100
218201
015000
103E00
208100
208100
208100
208100
208100
208100
208100
208100
208100
208100
208100
208100
208100
208100
208100
208100
208100
208100
218000
208100
208100
208100
005200
0F4000
0F4000
208100
218201
208100
218201
015000
0F4000
000000
208100
208100
208100
208100
208100
208100
208100
208100
208100
208100
208100
208100
208100
208100
208100
208100
208100
208100
1F8000
208100
208100
228101
208100
015000
024F00
218000
208100
208100
208100
005200
0F4000
208100
208100
208100
208100
208100
208100
208100
208100
208100
208100
208100
208100
208100
208100
208100
208100
208100
208100
208100
218201
208100
228101
208100
208100
1E8100
218000
208002
208100
208002
208100
208100
208100
70E000
71DF00
208100
208100
208100
208100
208100
208100
208100
208100
208100
208100
208100
208100
208100
208100
208100
208100
208100
208100
208100
208100
1F8000
208100
208100
208100
208100
208100
208002
208002
208100
208100
70E000
70E000
208100
208100
208100
208100
208100
208100
208100
208100
208100
208100
208100
208100
208100
208100
208100
208100
208100
208100
208100
208100
208100
218000
208002
1F8000
208100
208100
208100
208100
015001
218000
70E000
70E000
208100
208100
208100
208100
208100
208100
208100
208100
208100
208100
208100
208100
208100
208100
208100
208100
218201
208100
208100
208100
208100
208100
208100
208100
208100
1E8100
208002
208100
208100
218000
70E000
70E000
208100
208100
208100
208100
208100
208100
208100
208100
208100
208100
208100
208100
208100
208100
208100
208100
208100
208100
208100
1E8100
1F8000
208100
208100
218201
208100
218000
208002
208002
70E000
70E002
70E000
6FDF00
208100
208100
208100
208100
208100
208100
208100
208100
208100
208100
208100
208100
208100
208100
208100
208100
208100
208100
218000
208100
208100
208100
208100
208100
208100
208002
208100
208100
70E000
70E000
71DF00
70E000
208100
208100
208100
208100
208100
208100
208100
208100
208100
208100
208100
208100
208100
208100
208100
208100
208100
218000
207F01
208100
015000
015000
208100
208100
208100
228101
015001
208100
70E000
70E000
6FDF01
70E000
208100
208100
208100
208100
208100
208100
208100
208100
208100
208100
208100
208100
208100
208100
208100
208100
1E8100
208100
208100
015000
0F4000
0F4000
208100
208100
208002
015000
208100
208100
70E000
6FDF00
70E000
70E000
208100
208100
208100
208100
208100
208100
208100
208100
208100
208100
208100
208100
208100
208100
208100
208100
1F8000
208100
015000
0F4000
000002
0F4000
218201
208100
015000
1E8100
70E000
70E000
70E000
70E000
70E000
71DF00
208100
208100
208100
208100
208100
208100
208100
208100
208100
208100
208100
208100
208100
208100
208100
208100
208100
208100
015000
0F4000
0F4000
005100
208100
208100
208100
208100
6EE100
70E000
6FE201
70E000
70E000
70E000
208100
208100
208100
208100
208100
208100
208100
208100
208100
208100
208100
208100
208100
208100
208100
208100
208100
208100
208100
208100
218201
208100
218104
208100
70E000
70E000
70E000
70E000
70E000
71DF00
6FDF00
6EE102
208100
208100
208100
208100
208100
208100
208100
208100
208100
208100
208100
208100
208100
208100
208100
208100
218201
208100
208100
208100
208100
208100
208002
70E000
70E000
70E000
70E000
70E000
70E000
71E101
70E000
71E101
208100
208100
208100
208100
208100
218000
218000
208100
208100
208100
015000
0F4000
113F00
015000
1E8100
1F8000
208100
208100
208100
1F8000
024F01
208100
71E100
70E000
70E000
70E000
70E000
70E000
70E000
70E000
70E000
70E000
218002
1F8000
208002
208100
208100
208100
208002
208100
218201
1E8102
004F00
0E3F00
0F4000
005200
208100
208100
1E8100
208100
208100
218000
1E8100
208100
70E000
70E000
70E000
70E000
70E000
70E000
70E000
70E000
70E000
70E000
1F8000
208100
218000
1F8000
218000
208100
208100
1E8100
208100
208100
208100
208100
1E8100
218002
208100
208100
015000
208100
71E101
6EE100
70E000
71E101
70E000
70E000
70E000
70E000
70E000
70E000
70E000
70E000
70E000
70E000
208100
208100
208100
208100
208100
218000
208100
208100
208100
208100
208100
208100
208100
218000
208100
218000
208100
208100
71E101
70E000
6EE100
70E000
70E000
70E000
70E000
70E000
70E000
70E000
70E000
70E000
70E000
70E000
208100
208100
015000
0F4000
0F4000
015000
208100
1D8000
208100
208100
208100
208100
024F00
208100
70E000
70E000
71E101
70E000
70E000
6EE100
70E000
70E000
70E000
70E000
70E000
70E000
70E000
70E000
70E000
70E000
70E000
70E000
208100
208100
015000
0F3F01
0E4100
015000
208100
208100
208100
208100
208100
208100
208100
1F8000
71DF00
70E000
70E000
71E000
70E000
70E000
71E101
70E000
70E000
70E000
70E000
70E000
70E000
70E000
70E000
70E000
70E000
70E000
218201
218201
218000
208100
208100
208100
005001
015001
208100
218201
70E000
72E001
70E000
70E000
70E000
70E000
70DE01
70E000
70E000
70E000
70E000
70E000
70E000
70E000
70E000
70E000
70E000
70E000
70E000
70E000
70E000
70E000
208100
208100
208100
208100
208100
015000
113F00
0E3E00
208100
1F8000
71E101
70E000
70E000
6FDF00
71E101
71E101
70E000
70E002
70E000
71DF00
70E000
70E000
71DF00
70E000
70E000
70E000
70E000
70E000
70E000
70E000
70E000
70E000
