5C6400
218201
208100
218201
208100
208002
218000
208100
208100
208100
218000
208100
208100
1E8100
208100
208100
208100
218201
208100
218103
218201
208100
208100
208100
0F4000
000000
0F4000
015000
208100
208100
208100
208100
4D2E00
010000
003D11
0F4000
113F00
0F4000
010101
0F4000
1F8000
208100
1F8000
208100
015000
015000
208100
208100
218000
208100
1E8100
208100
1F8000
208100
208100
1F8000
0F4000
000000
104100
025100
208100
1E8100
208100
1E8100
464600
113F00
015000
218201
208100
015000
0F4000
0F4000
208100
208100
208100
208100
208100
208100
208100
208100
208100
218201
208002
208100
208100
208100
218103
208100
0F4000
0F4000
015001
208100
218201
208002
208100
208100
2F7400
104500
208100
218000
208100
228101
0F4000
0F4000
015000
1E8102
1F8000
208002
208100
218201
208100
208002
208100
208100
218000
208100
208100
208100
208100
218201
015000
015000
218201
208100
208100
208100
208100
208100
6F6B00
114401
208100
1F8000
1F8000
1E8100
0F4000
000000
0F3F01
113F00
0F3F01
015000
208100
1E8100
208100
208100
004F00
113F00
113F00
015000
208100
208100
208100
208100
208100
1E8100
208100
208100
228101
208100
208100
208100
4D7900
104500
015000
208100
208100
1E8100
015001
0F4000
0F4000
0F4000
000000
113F00
218103
208100
208100
208100
0F4000
000000
0F4200
015000
228101
208100
218000
208100
208100
208100
208100
208100
208100
218000
218000
208100
3B7D02
042601
003F10
0F3F01
0F4000
015000
1F8201
218201
208100
015000
0F4000
113F00
218000
208100
208100
208002
0F4000
0F4000
015000
208002
1E8100
208100
208100
208100
208100
1F8000
208100
208100
208100
208100
208100
208100
387D00
042601
000000
000000
000002
0F4000
208100
218201
208100
208100
015000
015000
208100
208100
208100
1E8100
015000
004F00
208100
218000
208100
208002
208100
208100
208100
208100
208100
218000
1F8000
218201
208100
208100
367E00
052800
000000
010000
000000
113F01
208100
208100
208100
208002
218201
208002
208100
208100
208100
218201
208100
208100
208100
208100
208100
208100
208100
208100
208100
208100
208100
208100
208100
208100
208100
208100
3B7D01
052B02
000000
000302
000000
0E4100
015001
208100
208100
208100
208100
208100
1E8100
208100
208100
1E8102
208100
208100
208100
208100
208100
208100
208100
208100
208100
208100
208100
208100
208100
208100
208100
208100
6E6B00
115500
001100
000000
000000
000000
0F4000
015000
218201
208100
208100
208100
208100
208100
208100
208100
208100
208100
208100
208100
208100
208100
208100
208100
208100
208100
208100
208100
208100
208100
208100
208100
5E7200
0C3E01
000900
000000
000000
000000
0F3F01
015000
208100
1F8000
208100
208100
208100
208100
208100
208100
208100
208100
208100
208100
208100
208100
208100
208100
208100
208100
208100
208100
208100
208100
208100
208100
5C7300
0A3E00
000700
000002
000000
0F4000
024F00
208100
208100
208100
015000
124000
113F00
004E00
208002
208100
208100
208100
208100
208100
208100
208100
208100
208100
208100
208100
208100
208100
208100
208100
208100
208100
5C7300
0A3D02
000602
000000
000000
0F4000
208100
208100
208100
228101
0F4000
000000
0F4000
015000
218201
208100
208100
208100
208100
208100
208100
208100
208100
208100
208100
208100
208100
208100
208100
208100
208100
208100
5F7300
083E00
010600
000000
000000
0F4000
208100
1E8100
208002
208100
0F4000
0E3E00
015000
208100
208100
208100
208100
208100
208100
208100
208100
208100
208100
208100
208100
208100
208100
208100
208100
208100
208100
208100
5C7300
145302
010801
010101
000000
104100
005000
208100
208100
208100
015000
005200
208100
208100
228101
208100
208100
208100
208100
208100
208100
208100
208100
208100
208100
208100
208100
208100
208100
208100
208100
208100
3C7900
0C5D00
003F10
000100
000000
000002
0F4000
015000
208100
208100
208100
218201
208100
208100
218000
208100
208100
208100
208100
208100
208100
208100
208100
208100
208100
208100
208100
208100
208100
208100
208100
208100
407700
228302
005301
000000
010101
000000
0F4000
024F01
208100
208100
208002
208100
208002
208002
208100
218000
208100
208100
208100
208100
208100
208100
208100
208100
208100
208100
208100
208100
208100
208100
208100
208100
407700
208100
025100
020003
000000
0F4000
015000
208100
208100
218201
208100
208100
208100
1E8100
1F8000
208002
208100
208100
208100
208100
208100
208100
208100
208100
208100
208100
208100
208100
208100
208100
208100
208100
407700
208100
015000
0F4000
0E3E00
015000
208002
218200
218200
208100
1E8100
208100
208100
218201
208100
218201
208100
208100
208100
208100
208100
208100
208100
208100
208100
208100
208100
208100
208100
208100
208100
208100
667000
095E01
025100
208100
208100
208100
015000
025100
208100
208100
208100
218200
024F00
015000
208100
218000
208100
208100
208100
208100
208100
208100
208100
208100
208100
208100
208100
208100
208100
208100
208100
208100
667000
145200
005401
208100
208100
228302
0F4000
0F4000
208100
1E8100
218000
1F8000
0F4000
0F4000
015000
208100
208100
208100
208100
208100
208100
208100
208100
208100
208100
208100
208100
208100
208100
208100
208100
208100
647000
125100
025100
208100
1E8100
208100
0E3E00
0E3E00
218201
1E8100
208100
208100
103E00
000002
0F4000
004F00
208100
208100
208100
208100
208100
208100
208100
208100
208100
208100
208100
208100
208100
208100
208100
208100
647000
145400
015000
208100
1F8000
015000
0E4100
0F4000
218000
218201
208100
208100
015000
0F4000
0F4000
015000
208100
208100
208100
208100
208100
208100
208100
208100
208100
208100
208100
208100
208100
208100
208100
208100
647000
093B00
003F10
0F4000
0F4000
0D3F00
000000
0F4000
208002
208100
015000
015000
208100
208100
208100
208100
208100
208100
208100
208100
208100
208100
208100
208100
208100
208100
208100
208100
208100
208100
208100
208100
5C7300
145400
025100
0F4000
000002
010103
0E4100
015000
218201
208100
0F3F01
0F3F01
208100
208002
1E8100
208100
208100
208100
208100
208100
208100
208100
208100
208100
208100
208100
208100
208100
208100
208100
208100
208100
397900
1F7F01
005301
005100
0F4000
0F4000
015000
218000
208100
208100
0F3F01
0E3F00
208100
218201
004F00
015000
208100
208100
208100
208100
015000
0F4000
0F4000
015000
208100
208100
208100
208100
208100
208100
208100
208100
357B00
208100
208100
208100
005102
015000
208100
208100
208100
1F8000
004F00
015000
208100
208100
015001
015001
208100
208100
208100
208100
015000
0F4000
0F4000
015000
208100
208100
208100
208100
208100
208100
208100
208100
2A7F00
208100
208100
1F8000
208100
208100
218002
208100
1E8100
208100
208100
208100
1F8000
208100
208100
208100
015000
0F4000
0F4000
015000
208100
208100
208100
208100
208100
208100
015000
0F4000
0F4000
015000
208100
208100
2D7C00
208100
218000
208100
208002
218201
208100
208100
208100
208100
208002
218201
208100
208100
208002
208100
015000
0F4000
0F4000
015000
208100
208100
208100
208100
208100
208100
015000
0F4000
0F4000
015000
208100
208100
477300
208100
208100
208100
1F8000
208100
208100
208100
1E8200
208100
208100
208100
218000
208100
1E8100
1F8000
208100
208100
208100
208100
208100
208100
208100
208100
015000
015000
208100
208100
208100
208100
015000
015000
576800
208100
208100
208100
208100
1F8000
1D8200
208100
208100
208100
208100
208100
208100
208100
208100
208100
208100
208100
208100
208100
208100
208100
208100
208100
208100
208100
208100
208100
208100
208100
208100
208100
