208100
000000
203001
414141
404040
514F50
505050
404040
404042
404040
3F3F3F
505050
4F5150
505050
50504E
404040
404040
000000
203001
413F40
404040
505052
505050
414141
404042
404040
3F3F3F
505050
4F5150
505050
50504E
404040
208100
000000
1F3101
404042
404042
404040
404040
3F3F3F
203001
404042
40403E
4F5150
505050
505050
505050
404040
404040
010101
1F3101
404042
413F42
404040
404040
404040
203001
404042
40403E
4F5150
505050
505050
505050
404040
208100
203001
404040
404040
404040
404040
203001
1F2F00
000000
404040
404042
50504E
505050
514F50
505050
404040
40403E
203001
404040
404040
404040
404040
1F2F00
203001
000000
404040
404042
50504E
505050
514F50
505050
404040
1E8100
404040
404040
40403E
404040
404042
203001
203001
000000
404040
404040
505050
505050
4F5150
50504E
404040
404040
404040
404040
40403E
403E41
404042
1F2F02
203001
000000
404040
404040
505050
505050
4F5150
50504E
404040
208100
404042
404040
505153
3F4140
404040
404040
404042
203001
414141
404040
505050
4F5150
505050
505050
40413C
404040
404040
404040
4F5150
404040
404040
404040
404042
203001
414141
404040
505050
4F5150
505050
505050
40413C
218201
404040
3F3F3F
4F4F4F
4F5150
4F5150
515151
404040
3F4042
3F3F3F
404042
50504E
505050
505050
505050
404040
414141
404040
3F3F3F
505050
4F5150
505050
505050
404040
3F4042
3F3F3F
404042
50504E
505050
505050
505050
404040
208100
404040
3F3F3F
505050
505050
50504E
505050
404040
404040
404042
404040
505050
505050
505050
505050
404040
404040
404040
3F3F3F
505050
514F50
505050
514F50
404040
404040
404042
404040
505050
505050
505050
505050
404040
208100
404040
413F42
4F5150
505050
514F50
505050
404040
404040
203001
404042
3F3F3D
514F50
505050
505050
3F4140
404040
404040
404040
505050
514F50
515151
505050
404040
404040
203001
404042
3F3F3D
514F50
505050
505050
3F4140
208100
404040
404040
4F4F4F
505050
505050
505050
404040
404040
000000
203001
413F40
404040
505052
505050
414141
404042
404040
3F3F3F
505050
4F5150
505050
50504E
404040
404040
000000
203001
413F40
404040
505052
505050
414141
208100
3F3F3F
404040
50504E
505050
515151
515151
404040
404040
010101
1F3101
404042
413F42
404040
404040
404040
203001
404042
40403E
4F5150
505050
505050
505050
404040
404040
010101
1F3101
404042
413F42
404040
404040
404040
208100
404040
404040
505052
505050
505052
505050
414143
40403E
203001
404040
404040
404040
404040
1F2F00
203001
000000
404040
404042
50504E
505050
514F50
505050
404040
40403E
203001
404040
404040
404040
404040
1F2F00
203001
208100
404040
40403E
505050
505050
50504E
505050
3F3F3F
404040
404040
404040
40403E
403E41
404042
1F2F02
203001
000000
404040
404040
505050
505050
4F5150
50504E
404040
404040
404040
404040
40403E
403E41
404042
1F2F02
203001
208002
414141
404040
505050
4F5150
505050
505050
404040
404040
404040
404040
4F5150
404040
404040
404040
404042
203001
414141
404040
505050
4F5150
505050
505050
40413C
404040
404040
404040
4F5150
404040
404040
404040
404042
1F8000
413F40
404040
4F4F4F
505050
50504E
505050
414141
414141
404040
3F3F3F
505050
4F5150
505050
505050
404040
3F4042
3F3F3F
404042
50504E
505050
505050
505050
404040
414141
404040
3F3F3F
505050
4F5150
505050
505050
404040
208100
404040
404040
515151
505050
4F5150
505050
404040
404040
404040
3F3F3F
505050
514F50
505050
514F50
404040
404040
404042
404040
505050
505050
505050
505050
404040
404040
404040
3F3F3F
505050
514F50
505050
514F50
404040
208100
1F3101
3F3F3F
404040
4F5150
4F5150
505050
413F40
404040
404040
404040
505050
514F50
515151
505050
404040
404040
203001
404042
3F3F3D
514F50
505050
505050
3F4140
404040
404040
404040
505050
514F50
515151
505050
404040
208100
000000
203001
414141
404040
514F50
505050
404040
404042
404040
3F3F3F
505050
4F5150
505050
50504E
404040
404040
000000
203001
413F40
404040
505052
505050
414141
404042
404040
3F3F3F
505050
4F5150
505050
50504E
404040
208100
000000
1F3101
404042
404042
404040
404040
3F3F3F
203001
404042
40403E
4F5150
505050
505050
505050
404040
404040
010101
1F3101
404042
413F42
404040
404040
404040
203001
404042
40403E
4F5150
505050
505050
505050
404040
208100
203001
404040
404040
404040
404040
203001
1F2F00
000000
404040
404042
50504E
505050
514F50
505050
404040
40403E
203001
404040
404040
404040
404040
1F2F00
203001
000000
404040
404042
50504E
505050
514F50
505050
404040
1E8100
404040
404040
40403E
404040
404042
203001
203001
000000
404040
404040
505050
505050
4F5150
50504E
404040
404040
404040
404040
40403E
403E41
404042
1F2F02
203001
000000
404040
404040
505050
505050
4F5150
50504E
404040
208100
404042
404040
505153
3F4140
404040
404040
404042
203001
414141
404040
505050
4F5150
505050
505050
40413C
404040
404040
404040
4F5150
404040
404040
404040
404042
203001
414141
404040
505050
4F5150
505050
505050
40413C
218201
404040
3F3F3F
4F4F4F
4F5150
4F5150
515151
404040
3F4042
3F3F3F
404042
50504E
505050
505050
505050
404040
414141
404040
3F3F3F
505050
4F5150
505050
505050
404040
3F4042
3F3F3F
404042
50504E
505050
505050
505050
404040
208100
404040
3F3F3F
505050
505050
50504E
505050
404040
404040
404042
404040
505050
505050
505050
505050
404040
404040
404040
3F3F3F
505050
514F50
505050
514F50
404040
404040
404042
404040
505050
505050
505050
505050
404040
208100
404040
413F42
4F5150
505050
514F50
505050
404040
404040
203001
404042
3F3F3D
514F50
505050
505050
3F4140
404040
404040
404040
505050
514F50
515151
505050
404040
404040
203001
404042
3F3F3D
514F50
505050
505050
3F4140
208100
404040
404040
4F4F4F
505050
505050
505050
404040
404040
000000
203001
413F40
404040
505052
505050
414141
404042
404040
3F3F3F
505050
4F5150
505050
50504E
404040
404040
000000
203001
413F40
404040
505052
505050
414141
208100
3F3F3F
404040
50504E
505050
515151
515151
404040
404040
010101
1F3101
404042
413F42
404040
404040
404040
203001
404042
40403E
4F5150
505050
505050
505050
404040
404040
010101
1F3101
404042
413F42
404040
404040
404040
208100
404040
404040
505052
505050
505052
505050
414143
40403E
203001
404040
404040
404040
404040
1F2F00
203001
000000
404040
404042
50504E
505050
514F50
505050
404040
40403E
203001
404040
404040
404040
404040
1F2F00
203001
208100
404040
40403E
505050
505050
50504E
505050
3F3F3F
404040
404040
404040
40403E
403E41
404042
1F2F02
203001
000000
404040
404040
505050
505050
4F5150
50504E
404040
404040
404040
404040
40403E
403E41
404042
1F2F02
203001
208002
414141
404040
505050
4F5150
505050
505050
404040
404040
404040
404040
4F5150
404040
404040
404040
404042
203001
414141
404040
505050
4F5150
505050
505050
40413C
404040
404040
404040
4F5150
404040
404040
404040
404042
1F8000
413F40
404040
4F4F4F
505050
50504E
505050
414141
414141
404040
3F3F3F
505050
4F5150
505050
505050
404040
3F4042
3F3F3F
404042
50504E
505050
505050
505050
404040
414141
404040
3F3F3F
505050
4F5150
505050
505050
404040
208100
404040
404040
515151
505050
4F5150
505050
404040
404040
404040
3F3F3F
505050
514F50
505050
514F50
404040
404040
404042
404040
505050
505050
505050
505050
404040
404040
404040
3F3F3F
505050
514F50
505050
514F50
404040
208100
1F3101
3F3F3F
404040
4F5150
4F5150
505050
413F40
404040
404040
404040
505050
514F50
515151
505050
404040
404040
203001
404042
3F3F3D
514F50
505050
505050
3F4140
404040
404040
404040
505050
514F50
515151
505050
404040
