1F3101
404040
404040
404040
404040
203001
000000
000000
000000
000000
000000
000000
203001
404040
404040
3F3F3F
404040
203001
000000
000000
203001
203001
000000
000000
222F01
414141
413F40
413F40
404040
1F3101
000000
000000
404040
404040
404040
3F3F3F
404040
413F40
404040
413F40
404040
404040
404040
404040
404040
414141
3F3F3F
413F40
404040
404040
413F40
404040
414141
40403E
404040
404040
404040
404040
413F42
404040
413F40
404040
404040
404040
404040
3F3F3F
404040
404040
404040
404040
413F40
414141
40403E
404040
413F40
404040
404040
404042
404040
404040
404040
404040
404040
404040
404040
40403E
404040
404040
413F40
404040
3F4140
404040
404040
404040
404040
404040
404040
413F40
404040
404040
404040
404040
404040
404040
3F3F3F
3F4140
404040
404040
404040
404040
404040
404040
404040
404040
404040
40403E
404040
404040
404040
414141
414143
404040
3F4140
404042
3F4140
404040
404040
404040
404040
404040
404040
404040
404040
404040
3F4140
404040
404040
404040
404040
414141
404040
404040
413F40
3F3F3F
404040
3F3F3F
404040
404040
404040
404040
404042
404040
414141
404040
404040
3F3F3F
404040
404042
404042
404040
404040
203001
000000
000000
1E3000
404040
3F4140
3F3F3F
404040
404040
3F4140
414141
404040
1F3101
000000
000000
1F3100
404040
404040
3F413E
404042
404040
404040
404040
404040
404042
404040
404040
404040
3F4140
404040
404042
404040
404040
203000
203001
404040
404040
404042
404040
404040
413F40
3F3F3D
404040
404040
404040
203001
1F3100
404040
413F40
404040
404040
3F3F3F
404040
404040
413F40
404040
40403E
404040
404040
404040
404040
404040
404040
404040
404040
404040
404040
404040
505050
50504E
505050
505050
505050
505050
50504E
404040
404040
3F3F3D
404040
3F3F3F
4F4F4F
505050
505050
505050
514F50
505050
505050
504F4D
505050
4F5150
505050
50504E
4F4F4F
4F4F4F
505050
404040
404040
404040
404040
505050
505050
505050
505050
515151
505050
515151
404040
404040
404040
404040
404040
505050
515151
505050
505050
505050
505050
505050
4F4F4F
505052
505050
505050
515151
505050
505050
505050
505050
404040
404040
404040
505050
505050
505050
505050
505050
505050
4F4F4F
404040
3F3F3F
404040
404040
404040
505050
505050
505050
515151
505050
505050
505050
505050
4F4F4F
505050
505050
514F50
505050
505050
505050
505050
4F4F4F
404040
404040
505050
505050
505050
505050
505050
505050
515151
404040
404040
404040
404040
404040
505050
505050
505050
505050
505050
505050
505050
505050
515151
505050
505050
505050
505050
505050
505050
505050
505050
4F5052
404040
505050
505050
505050
505050
505050
505050
505050
404040
3F3F3F
404040
404040
404040
505050
505050
505050
505050
505050
505050
505050
505050
505050
505050
505050
505050
514F50
505050
50504E
50504E
504E4F
4F5150
505050
505050
505050
505050
505050
505050
505050
505050
404040
404040
404040
404040
404040
505050
505050
505050
505050
505050
505050
505050
4F4F4F
505050
515151
505050
505050
505050
515151
505050
505050
50504E
4F4F4F
505050
404040
505050
505050
505050
505050
505050
505050
404040
404040
404040
404040
404040
505050
505050
505050
505050
505050
505050
505050
505050
505050
505050
505050
505050
505050
404042
404042
404040
40403E
404040
404040
404040
404040
505050
505050
505050
505050
505050
404040
404040
404040
404040
404040
505050
505050
505050
505050
515151
505050
505050
505050
515151
505050
505050
505050
505050
3F3F3F
404040
414143
203000
404040
3F4140
404040
403E3F
1F3101
505050
505050
505050
505050
404040
404040
404040
404040
404040
505050
505050
505050
505050
505050
505050
505050
404040
404040
404040
404040
404040
404040
404040
404040
203001
000000
000000
000000
000000
000000
000000
000000
515151
505050
505050
404040
404040
404040
404040
404040
505050
505050
505050
505050
505050
505050
505050
404040
404040
404040
213102
404040
404040
404040
404040
203001
000000
000000
000000
000000
000000
000000
000000
203001
505050
505050
404040
3F3F3F
404040
404040
404040
505050
404040
404040
404040
404040
404040
404040
404040
404040
203001
000000
000000
000000
000000
000000
000000
000000
1F3101
413F40
404040
3F4140
404040
203000
404042
404040
505050
413F40
404040
3F4140
404040
424041
515151
404040
413F40
404040
203001
404040
404040
404040
404040
203001
000000
010101
000000
000002
000000
000000
000000
203001
404040
404040
404040
404040
40403E
404040
404042
404042
404040
3F4140
203001
222F01
3E403F
404040
3F3F3F
404040
203001
000000
000000
000000
000000
000000
000000
000000
203001
404040
404040
404040
404040
203001
404042
404040
404040
505050
505050
50504E
505050
505050
505050
4F4F4F
404040
1F3101
000000
000000
1F3003
424041
414141
203001
000000
000000
000000
000000
000000
000000
000000
203001
404040
404040
404040
404040
404040
404040
404040
404040
505050
4F5150
514F50
50504E
50504E
505050
514F50
505050
1F3101
000000
000000
000000
000000
000000
000000
000002
203001
404040
404040
404040
404040
203001
404040
413F40
404040
505050
4F4F4F
505050
505050
505050
505050
515151
4F5052
4F4F4F
505050
505050
505050
4F4F4F
505050
505050
000000
000000
000000
000000
000000
000000
000000
203001
404040
404040
404040
404040
404040
404040
404040
404040
505050
505050
4F4F4F
514F50
505050
505050
4F4F4F
505050
A0A0A0
A0A0A0
A0A0A0
A0A0A0
A0A0A0
A19FA0
505050
505050
203001
404040
40423F
404040
404040
1F3003
413F40
404040
404040
505050
505050
505050
505050
505050
505050
505050
505050
505050
505050
4F5150
505050
505050
505050
505050
A0A0A0
A0A0A0
A0A0A0
A0A0A0
A0A0A0
A0A0A0
505050
505052
404040
404040
404040
404040
414141
404040
404040
404040
505050
505050
515151
505050
505050
505050
505050
505050
A0A0A0
A0A0A0
A0A0A0
A0A0A0
A0A0A0
A0A0A0
505050
505050
A0A0A0
A0A0A0
A0A0A0
A0A0A0
A0A0A0
A0A0A0
515151
505050
404040
505050
505050
505050
505050
515151
505050
505050
505050
505050
4F4F4F
505050
505050
505050
505050
505050
A0A0A0
A0A0A0
A0A0A0
A0A0A0
A0A0A0
A0A0A0
505050
505050
A0A0A0
A0A0A0
A0A0A0
A0A0A0
A0A0A0
A0A0A0
505050
505050
505050
505050
505050
505050
505050
505050
4F4F4F
505050
A0A0A0
A0A0A0
A0A0A0
A0A0A0
A0A0A0
A0A0A0
505050
505050
A0A0A0
A0A0A0
A0A0A0
A0A0A0
A0A0A0
A0A0A0
505050
505050
A0A0A0
A0A0A0
A0A0A0
A0A0A0
A0A0A0
9F9F9F
505050
505050
505050
505050
505050
505050
505050
515151
505050
505050
A0A0A0
A0A0A0
A0A0A0
A0A0A0
A1A1A1
A0A0A0
505050
505050
A0A0A0
A0A0A0
A0A0A0
A0A0A0
A0A0A0
A0A0A0
505050
505050
A0A0A0
A0A0A0
A0A0A0
A0A0A0
A0A0A0
9F9F9F
505050
505050
A0A0A0
A0A0A0
A0A0A0
A0A0A0
A0A0A0
9F9F9F
505050
505050
A0A0A0
A0A0A0
A0A0A0
A0A0A0
A0A0A0
A0A0A0
4F4F4F
505050
A0A0A0
A0A0A0
A0A0A0
A0A0A0
A0A0A0
A0A0A0
505050
505050
A0A0A0
A0A0A0
A0A0A0
A0A0A0
A0A0A0
A0A0A0
505050
505050
A0A0A0
A0A0A0
A0A0A0
A0A0A0
A1A1A1
A0A0A0
505050
505050
A0A0A0
A0A0A0
A1A1A1
A0A0A0
A0A0A0
A0A0A0
505050
505050
A0A0A0
A0A0A0
A0A0A0
A0A0A0
A0A0A0
A0A0A0
505050
505050
A0A0A0
A0A0A0
9F9F9F
A0A0A0
9F9F9F
A0A0A0
515151
505050
A0A0A0
A0A0A0
A0A0A0
A0A0A0
A0A0A0
A0A0A0
505050
505050
A0A0A0
A0A0A0
A0A0A0
A0A0A0
A0A0A0
A0A0A0
4F4F4F
505050
A0A0A0
A0A0A0
A0A0A0
A0A0A0
A0A0A0
A0A0A0
505050
505050
A1A1A1
A0A0A0
A0A0A0
A0A0A0
A0A0A0
A0A0A0
505050
505050
A0A0A0
A0A0A0
A0A0A0
A0A0A0
A0A0A0
A0A0A0
505050
505050
A0A0A0
A0A0A0
A0A0A0
A0A0A0
A0A0A0
505050
505050
505050
A0A0A0
A0A0A0
A0A0A0
A0A0A0
A0A0A0
A0A0A0
505050
505050
A0A0A0
A0A0A0
A0A0A0
A0A0A0
9F9F9F
505050
505050
505050
