000000
000000
000000
000000
000000
000000
000000
000000
010101
000000
000000
010101
000000
000000
000002
010101
010101
000002
000000
000000
010101
000000
000000
010101
000000
000000
000000
000000
000000
000000
000000
000000
404042
3F4140
404040
3F4042
413F40
413F40
404040
404040
404040
404040
404040
3F3F3F
40403E
404040
404040
404040
404040
404040
404040
40403E
3F3F3F
404040
404040
404040
404040
404040
424041
413F40
3F4042
404040
3F4140
404042
404040
404040
404040
413F40
414141
3F4140
414141
404040
404040
3F3F3F
3F3F3F
404040
404040
404040
404040
404042
404042
404040
404040
404040
404040
3F3F3F
3F3F3F
404040
404040
404040
3F4140
414141
413F40
404040
404040
404040
404040
404040
404040
404040
404040
404040
3F3F3F
404040
404040
404040
3F3F3F
404040
404040
40403E
404040
404040
404040
404040
40403E
404040
404040
3F3F3F
404040
404040
404040
404040
404040
404040
404040
404040
3F3F3F
404040
404040
404040
40403E
413F40
404042
404042
404040
404040
413F40
404040
414141
40403E
404040
404040
40403E
414141
414141
40403E
404040
404040
40403E
414141
404040
413F40
404040
404040
404040
404042
413F40
40403E
404040
404040
404040
404040
404040
203001
000000
000000
000000
000000
1E3000
3F4140
413F40
414141
404040
404040
404040
414141
414141
404040
404040
404040
414141
413F40
3F4140
1E3000
000000
000000
000000
000000
203000
404040
404040
404042
404040
404040
3F3F3F
404040
1F2F00
010000
000000
213102
404040
3E403F
40403E
413F40
40403E
3F4042
404040
404040
404040
404040
3F4042
40403E
413F40
40403E
3E403F
404040
213100
000000
010000
203001
3F3F3D
404042
404040
404040
505050
505050
4F4F4F
404040
404040
000000
203001
404040
3F4140
404040
505050
505050
505050
505050
515151
505050
505050
515151
505050
505050
505050
505050
404040
3F4140
3F3F3F
203001
000000
404040
3F3F3F
4F4F4F
505050
505050
404040
505050
505050
413F40
404040
203001
404040
404040
404042
414141
404040
50504E
505050
505050
505050
505050
505050
505050
505050
505050
50504E
404040
414141
404042
404042
404040
203001
404040
413F42
505050
505050
404040
404040
404040
505050
404040
404040
404040
404040
3F4140
414141
404040
404040
404040
515151
505052
505050
505050
505050
505050
505052
515151
404040
404040
404040
414141
3F4140
404040
404040
404040
404040
505050
3F3F3F
404040
404040
404040
40403E
404040
404040
404040
404040
505050
404040
404040
413F40
3F3F3F
404040
4F4F4F
4F5150
505050
505050
4F5150
4F4F4F
404040
3F3F3F
413F40
404040
404040
505050
404040
404040
404040
404040
40403E
404040
404040
404040
404042
404040
3F3F3F
1F3101
413F40
413F40
505050
50504E
413F40
3E403F
414141
404042
404040
404040
404040
404040
404040
404040
404042
414141
3E403F
413F40
50504E
50504E
413F42
413F40
1F3100
3F3F3F
404040
404040
404042
404040
404040
404040
1F2F00
000000
404040
404040
505050
505050
515151
404040
404042
404040
404040
203001
404040
404040
203001
404040
404040
404042
404040
515151
505050
505050
404040
404040
000000
1F2F00
404040
40403E
404040
505050
404040
3F4140
203001
000000
1F3101
404040
4F4F4F
505050
505052
505050
404040
404040
000000
203001
404040
404040
203001
000000
404040
404040
505050
505052
505050
4F4F4F
404040
1F3101
000000
203001
3F4140
404040
505050
505050
505050
404040
404040
203001
404040
3F4140
4F5150
514F50
505050
4F5150
404040
1F3101
203001
404040
404040
404040
404040
203001
1F3101
404040
4F5150
505050
514F50
4F5150
3F4140
404040
203001
404040
404040
505050
505050
505050
515151
50504E
404040
413F40
404040
404040
404040
505050
505050
505050
404040
404040
404040
3F4140
515151
515151
3F4140
404040
404040
404040
505050
505050
505050
404040
404040
404040
413F40
404040
505050
515151
505050
505050
505050
505050
505050
404040
404040
404040
404042
404040
505050
4F4F4F
404042
3E403F
404040
40403E
505050
505050
40403E
404040
3E403F
404042
4F4F4F
505050
404040
404042
404040
404040
404040
505050
505050
505050
505050
505050
505050
505050
505050
505050
413F40
404040
404040
404040
40403E
505050
404040
404040
404042
404040
505050
505050
404040
404042
404040
404040
505050
40403E
404040
404040
404040
413F40
505050
505050
505050
505050
505050
4F5052
505050
505050
505050
505050
505050
404040
404040
404040
414141
404040
404040
413F40
404040
404040
505050
505050
404040
404040
413F40
404040
404040
414141
404040
404040
404040
505050
505050
505050
505050
505050
4F5052
505050
4F5150
514F50
50504E
50504E
4F4F4F
504E4F
404040
404040
404040
404040
404040
1F3101
404040
404040
515151
515151
404040
404040
1F3101
404040
404040
404040
404040
404040
504E4F
4F4F4F
50504E
50504E
514F50
4F5150
505050
404040
505050
505050
50504E
505050
505050
505050
505050
413F40
3F3F3F
404040
203001
000000
3F3F3F
404040
505050
505050
404040
3F3F3F
000000
203001
404040
3F3F3F
413F40
505050
505050
505050
505050
50504E
505050
505050
404040
404040
404040
404040
3F3F3F
41413F
404040
404042
404042
505050
505050
404040
203001
000000
3F4140
414141
505050
505050
414141
3F4140
000000
203001
404040
505050
505050
404042
404042
404040
41413F
3F3F3F
404040
404040
404040
1F3101
413F40
404040
3F4140
404040
203000
404042
404040
404040
505050
413F40
3F3F3F
203001
414141
404040
505050
505050
404040
414141
203001
3F3F3F
413F40
505050
404040
404040
404042
203000
404040
3F4140
404040
413F40
1F3101
000000
000000
010101
000000
000000
000000
000000
203001
413F40
404040
404040
404042
203001
203001
404040
404040
404040
404040
203001
203001
404042
404040
404040
413F40
203001
000000
000000
000000
000000
010101
000000
000000
203001
000000
000100
000000
000000
000000
000000
000000
203001
404040
404040
203001
000000
000000
1F3101
404040
404040
1F3101
000000
000000
203001
404042
404040
203001
000000
000000
000000
000000
000000
000000
000000
1F2F00
404040
414141
203001
404040
404040
404040
404040
222F01
000000
000000
000000
000000
000000
000000
000000
000000
000000
000000
000000
000000
000000
000000
000000
000000
1F3101
413F40
404040
3F4140
404040
203000
414143
414141
404040
3F3F3F
404040
404040
414141
404040
404040
404040
203001
000000
000000
000000
000000
000000
000000
000000
000000
010101
000000
000002
010101
000002
000000
203001
404040
3F3F3F
404040
404040
40403E
404040
404042
404042
505050
4F5150
505050
505050
515151
505050
505050
404040
3F4140
404042
203001
404042
414141
404040
404040
404042
403F44
404040
404040
3F3F3F
414141
203001
404042
3F4140
404040
505050
505050
50504E
505050
505050
505050
505050
4F4F4F
514F52
4F4F51
505050
505050
505050
50504E
505050
404040
404042
404040
40403E
3F3F3F
404040
3F4140
404040
404040
3F4140
404040
404040
3F3F3F
404040
404040
404040
505050
4F5150
514F50
50504E
4F4F4D
505050
504E4F
505050
3F3F3F
404040
505050
4F4F51
505050
4F5150
505050
505050
505050
505050
505050
505050
515151
515151
505050
4F5150
4F5150
50504E
505050
51514F
505050
505050
505052
505050
4F5052
505050
505050
505050
505050
505050
505050
505050
404040
404040
404040
505050
4F5150
505050
505050
505050
515151
505050
505050
50504E
505050
505050
505153
505050
505050
4F5150
505050
505050
50504E
505050
505050
50504E
A1A1A1
A0A0A0
A0A0A0
A0A0A0
A0A0A0
A19FA0
505050
4F4F4F
404040
203001
413F40
40403E
505050
4F514E
514F50
515151
404042
404042
4F5150
505050
505050
505050
505050
505050
4F4F4F
505050
505050
505050
505050
4F5150
505050
505050
A1A1A1
A0A0A0
A0A0A0
A0A0A0
A0A0A0
4F4F4F
505050
505052
