1E8102
000000
203001
222F01
000000
000000
203000
1F3100
000000
000000
203001
414141
404040
404040
404040
203001
000000
000000
000201
010101
000000
000000
1F3101
404040
404040
404040
404040
1F3100
000000
000100
1F3101
203001
208100
000000
1F3101
404040
40403E
41413F
404040
404040
413F40
404040
404040
40403E
404040
404040
3F3F3F
404040
413F40
403F44
404040
414141
404040
404040
404040
404040
404040
404040
3F3F3F
404040
414141
404040
413F40
3F3F3F
208100
1F3101
404040
404040
404040
404040
414141
404040
41403E
414141
3F3F3F
404040
404040
3F3F3F
413F40
3F4140
404040
404040
404040
404040
404040
404040
404040
404040
41403E
404040
404040
404040
404040
404040
404040
3F3F3F
208100
3F3F3F
404040
505050
505050
4F4F51
505050
4F4F4F
404040
404042
404040
404040
404040
404040
413F40
404040
404040
3F3F3F
404040
404040
404040
404040
404040
404040
404040
404040
404040
404040
404040
404040
414141
414141
208100
404040
404040
505050
505052
4F4F4F
4F4F4D
404040
414141
404040
404040
3F4140
404040
404040
3F3F3F
404040
3F3F3F
413F40
404040
414141
404040
404040
404040
404040
404040
404040
414143
40403E
404040
404040
404040
404040
208100
3F3F3F
404040
505050
515151
4F4F4F
505050
40403E
404042
000000
1F2F00
404040
404040
404040
413F40
404040
404040
404040
404040
404040
414143
203001
000000
000000
203000
404040
404040
404040
404040
3F3F3F
404040
404040
208100
404040
404040
505050
505050
4F4F4F
505050
404040
1F3101
203001
404040
404040
3F3F3F
404040
404040
40403E
404040
404040
404040
404040
404040
404040
203001
1F3101
404040
404040
414141
404040
404040
41403E
404040
403E3F
208100
404042
404040
505050
505050
505050
505050
404040
404040
1F3101
40403E
413F40
404040
404040
413F40
404040
505050
4F4F4F
505050
505050
505050
404040
404040
404040
404040
505050
514F50
515151
505050
505050
505050
4F5150
208100
404040
404040
505050
505050
505050
505050
404040
414141
000000
203001
404040
404040
404040
404040
404040
404040
505050
515153
505050
505050
404042
404040
40403E
404040
505050
505050
4E504F
505050
505050
505050
505050
208100
3F3F3F
404040
50504E
515151
505050
505050
404040
203202
000002
000000
000000
000000
000000
000000
1F3101
404040
404040
404040
3F4140
404040
404040
1F3101
404042
404040
4F4F4F
4F4F4F
514F50
505050
505050
4F4F4F
505050
208100
404040
404040
4F4F51
505050
505052
505050
404042
404040
000000
000000
000000
000000
000000
000000
000000
203001
413F40
404040
40403E
404040
1F3101
000000
414141
404040
505050
4F4F4F
505050
505050
505050
505050
505050
208100
404040
40403E
505050
505050
50504E
505050
404040
40403E
414141
1F2F00
404042
41413F
404040
414143
203001
000000
000000
000000
000000
000201
000000
000000
203104
404040
404040
414141
404040
404040
404040
404040
404040
208002
414141
404040
505050
4F5150
505050
505050
505050
404040
3F4140
404040
40403E
404040
404040
404040
404042
203001
000000
000000
000000
000000
010101
000000
000000
203001
404040
404040
414141
404040
203001
404042
404040
208100
413F40
414141
505050
505050
50504E
505050
505050
514F50
50504E
505050
505050
505050
505050
505050
404040
404040
404040
203001
3F4140
424041
404040
404040
1F2F00
000000
000000
000000
000002
000000
000000
000000
213102
208100
404040
404040
505050
505050
4F5150
505050
505050
505050
505050
505050
505050
4F4F4F
515151
505052
505050
404040
404042
404040
404040
414141
3F3F3F
404040
404040
203001
000000
000000
000000
000000
000000
000000
000000
208100
1F3101
404040
404040
4F5150
4F5150
505050
525051
404040
404040
505050
505050
50504E
505050
4F5150
505052
505050
505050
505050
505050
505050
505050
514F50
404040
404040
404040
203001
404040
404040
414141
404040
203001
208100
000000
203001
414141
404040
514F50
505050
404040
404040
404040
40403E
505050
505050
505050
505050
505050
505050
505052
505050
505050
505050
4F4F51
505050
505050
404040
404040
404040
404040
404040
404042
3F3F3F
413F40
208100
000000
1F3101
404042
404042
404040
404040
3F3F3F
203001
404040
3F3F3F
515151
505050
505050
505050
505050
3F4140
414141
505050
4F4F4F
505052
505050
505052
514F50
50504E
515151
50504E
505050
515151
505050
505050
404040
208100
203001
404040
404040
404040
404040
203001
1F2F00
000000
203001
414141
505050
505050
505050
505050
3F3F3F
404040
404040
403E3F
505050
515151
525051
505050
514F52
515151
4F5150
505050
505050
505050
505052
505050
50504E
1E8100
404040
404040
40403E
404040
404042
203001
203001
000000
404040
404042
50504E
505050
505050
525051
404040
404040
40403E
40403E
505050
505050
505050
505050
505050
413F40
404040
505050
505050
4F4F4F
505050
50504E
505050
208100
404042
404040
505153
3F4140
404040
404040
404042
1F3101
404040
404040
505050
505050
4F4F4F
505050
404040
1F3101
222F01
404040
4F4F4F
505050
505050
4F5150
413F40
404042
404040
3F4140
505050
505050
50504E
505050
505050
218201
404040
3F3F3F
4F4F4F
4F5150
4F5150
515151
404040
404040
40403E
413F40
505050
505050
505050
4F4F4F
404040
3F3F3F
3F3F3F
404040
505050
50504E
505050
505050
404040
404040
404042
3F413E
4F5150
4F4F4F
505050
505050
505050
208100
404040
3F3F3F
505050
505050
50504E
505050
404040
413F40
404040
404040
50504E
505050
505050
505050
3F4042
404040
3F4140
404040
515151
505050
505050
505050
3F4140
203001
1F2F00
404040
505050
505050
4F5150
505050
404040
208100
404040
413F42
4F5150
505050
514F50
505050
404040
414141
1F3101
404040
404040
505050
505050
505050
413F42
404042
3F3F3F
404040
4F4F51
4F5150
505251
505050
404040
404040
1F2F00
404040
404040
504E4F
505050
505050
404040
208100
404040
404040
4F4F4F
505050
505050
505050
404040
404040
000000
203001
413F40
404040
505052
505050
414141
404042
404040
3F3F3F
505050
4F5150
505050
50504E
404040
404040
000000
203001
413F40
404040
505052
505050
414141
208100
3F3F3F
404040
50504E
505050
515151
515151
404040
404040
010101
1F3101
404042
413F42
404040
404040
404040
203001
404042
40403E
4F5150
505050
505050
505050
404040
404040
010101
1F3101
404042
413F42
404040
404040
404040
208100
404040
404040
505052
505050
505052
505050
414143
40403E
203001
404040
404040
404040
404040
1F2F00
203001
000000
404040
404042
50504E
505050
514F50
505050
404040
40403E
203001
404040
404040
404040
404040
1F2F00
203001
208100
404040
40403E
505050
505050
50504E
505050
3F3F3F
404040
404040
404040
40403E
403E41
404042
1F2F02
203001
000000
404040
404040
505050
505050
4F5150
50504E
404040
404040
404040
404040
40403E
403E41
404042
1F2F02
203001
208002
414141
404040
505050
4F5150
505050
505050
404040
404040
404040
404040
4F5150
404040
404040
404040
404042
203001
414141
404040
505050
4F5150
505050
505050
40413C
404040
404040
404040
4F5150
404040
404040
404040
404042
1F8000
413F40
404040
4F4F4F
505050
50504E
505050
414141
414141
404040
3F3F3F
505050
4F5150
505050
505050
404040
3F4042
3F3F3F
404042
50504E
505050
505050
505050
404040
414141
404040
3F3F3F
505050
4F5150
505050
505050
404040
208100
404040
404040
515151
505050
4F5150
505050
404040
404040
404040
3F3F3F
505050
514F50
505050
514F50
404040
404040
404042
404040
505050
505050
505050
505050
404040
404040
404040
3F3F3F
505050
514F50
505050
514F50
404040
208100
1F3101
3F3F3F
404040
4F5150
4F5150
505050
413F40
404040
404040
404040
505050
514F50
515151
505050
404040
404040
203001
404042
3F3F3D
514F50
505050
505050
3F4140
404040
404040
404040
505050
514F50
515151
505050
404040
