000000
404040
404040
404040
404040
404040
404040
404040
404042
1E3000
404040
505050
4F5150
505050
505050
413F40
1F3101
3F4140
413F40
505050
505050
505050
A0A0A0
A0A0A0
A0A0A0
A0A0A0
A0A0A0
A0A0A0
505050
505050
A0A0A0
A0A0A0
000000
404040
404040
404040
404040
404040
404040
404040
404040
3F4140
404241
505050
505050
4F5150
4F5150
404040
3F4140
404040
404040
4F5150
4F5150
505050
A0A0A0
9FA1A0
A0A0A0
A0A0A0
A0A0A0
A0A0A0
505050
505050
A0A0A0
A0A0A0
000000
404040
404040
404040
404040
404040
404040
404040
404040
413F40
404040
505050
505050
505050
4F4F4F
404040
413F40
404040
404040
505050
505050
505050
A0A0A0
A0A0A0
A0A0A0
A0A0A0
A0A0A0
A0A0A0
505050
505050
A0A0A0
A0A0A0
000000
404040
404040
404040
404040
404040
404040
404040
404042
404040
404040
505050
4F5150
504E4F
50504E
404040
404040
3F4140
404040
51504E
50504E
505052
A0A0A0
A0A0A0
A0A0A0
A0A0A0
A0A0A0
A0A0A0
505050
505050
A0A0A0
A0A0A0
000000
404040
404040
404040
404040
404040
404040
404040
3F3F3F
404040
41413F
505050
505050
50504E
505050
404040
404040
414141
404040
50504E
50504E
4F4F4F
A0A0A0
A1A1A1
A0A0A0
A0A0A0
A0A0A0
A0A0A0
505050
505050
A0A0A0
A0A0A0
000000
404040
404040
404040
404040
404040
404040
404040
40403E
414141
3F3F3F
505050
505050
505052
505050
404040
404040
404040
404040
505052
4F4F4F
50504E
A0A0A0
A0A0A0
A0A0A0
A0A0A0
A0A0A0
A0A0A0
505050
505050
A0A0A0
A0A0A0
000000
404040
404040
404040
404040
404040
404040
404040
404040
3F4140
404040
50504E
505050
505050
505050
404040
3F4140
404040
404040
515151
505050
505050
A0A0A0
A0A0A0
A0A0A0
A0A0A0
A0A0A0
A0A0A0
505050
505050
A0A0A0
A0A0A0
000000
404040
404040
404040
404040
404040
404040
404040
404040
414141
404040
505050
50504E
515151
505050
404040
404040
404040
404040
515151
505050
505050
A1A1A1
A1A1A3
A0A0A0
A0A0A0
A0A0A0
A0A0A0
505050
505050
A0A0A0
A0A0A0
000000
404040
404040
404040
404040
404040
404040
404040
404040
404040
404040
505050
505050
505050
505050
404040
404040
404040
404040
505050
505050
505050
A0A0A0
A0A0A0
A0A0A0
A0A0A0
A0A0A0
A0A0A0
505050
505050
A0A0A0
A0A0A0
000000
404040
404040
404040
404040
404040
404040
404040
404040
404040
404040
505050
505050
505050
505050
404040
404040
404040
404040
505050
505050
505050
A0A0A0
A0A0A0
A0A0A0
A0A0A0
A0A0A0
A0A0A0
505050
505050
A0A0A0
A0A0A0
000000
404040
404040
404040
404040
404040
404040
404040
404040
404040
404040
505050
505050
505050
505050
404040
404040
404040
404040
505050
505050
505050
A0A0A0
A0A0A0
A0A0A0
A0A0A0
A0A0A0
A0A0A0
505050
505050
A0A0A0
A0A0A0
000000
404040
404040
404040
404040
404040
404040
404040
404040
404040
404040
505050
505050
505050
505050
404040
404040
404040
404040
505050
505050
505050
A0A0A0
A0A0A0
A0A0A0
A0A0A0
A0A0A0
A0A0A0
505050
505050
A0A0A0
A0A0A0
000000
404040
404040
404040
404040
404040
404040
404040
404040
404040
404040
505050
505050
505050
505050
404040
404040
404040
404040
505050
505050
505050
A0A0A0
A0A0A0
A0A0A0
A0A0A0
A0A0A0
A0A0A0
505050
505050
A0A0A0
A0A0A0
000000
404040
404040
404040
404040
404040
404040
404040
404040
404040
404040
505050
505050
505050
505050
404040
404040
404040
404040
505050
505050
505050
A0A0A0
A0A0A0
A0A0A0
A0A0A0
A0A0A0
A0A0A0
505050
505050
A0A0A0
A0A0A0
000000
404040
404040
404040
404040
404040
404040
404040
404040
404040
404040
505050
505050
505050
505050
404040
404040
404040
404040
505050
505050
505050
A0A0A0
A0A0A0
A0A0A0
A0A0A0
A0A0A0
A0A0A0
505050
505050
A0A0A0
A0A0A0
000000
404040
404040
404040
404040
404040
404040
404040
404040
404040
404040
505050
505050
505050
505050
404040
404040
404040
404040
505050
505050
505050
A0A0A0
A0A0A0
A0A0A0
A0A0A0
A0A0A0
A0A0A0
505050
505050
A0A0A0
A0A0A0
000000
404040
404040
404040
404040
404040
404040
404040
404040
404040
404040
505050
505050
505050
505050
404040
404040
404040
404040
505050
505050
505050
A0A0A0
A0A0A0
A0A0A0
A0A0A0
A0A0A0
A0A0A0
505050
505050
A0A0A0
A0A0A0
000000
404040
404040
404040
404040
404040
404040
404040
404040
404040
404040
505050
505050
505050
505050
404040
404040
404040
404040
505050
505050
505050
A0A0A0
A0A0A0
A0A0A0
A0A0A0
A0A0A0
A0A0A0
505050
505050
A0A0A0
A0A0A0
000000
404040
404040
404040
404040
404040
404040
404040
404040
404040
404040
505050
505050
505050
505050
404040
404040
404040
404040
505050
505050
505050
A0A0A0
A0A0A0
A0A0A0
A0A0A0
A0A0A0
A0A0A0
505050
505050
A0A0A0
A0A0A0
000000
404040
404040
404040
404040
404040
404040
404040
404040
404040
404040
505050
505050
505050
505050
404040
404040
404040
404040
505050
505050
505050
A0A0A0
A0A0A0
A0A0A0
A0A0A0
A0A0A0
A0A0A0
505050
505050
A0A0A0
A0A0A0
000000
404040
404040
404040
404040
404040
404040
404040
404040
404040
404040
505050
505050
505050
505050
404040
404040
404040
404040
505050
505050
505050
A0A0A0
A0A0A0
A0A0A0
A0A0A0
A0A0A0
A0A0A0
505050
505050
A0A0A0
A0A0A0
000000
404040
404040
404040
404040
404040
404040
404040
404040
404040
404040
505050
505050
505050
505050
404040
404040
404040
404040
505050
505050
505050
A0A0A0
A0A0A0
A0A0A0
A0A0A0
A0A0A0
A0A0A0
505050
505050
A0A0A0
A0A0A0
000000
404040
404040
404040
404040
404040
404040
404040
404040
404040
404040
505050
505050
505050
505050
404040
404040
404040
404040
505050
505050
505050
A0A0A0
A0A0A0
A0A0A0
A0A0A0
A0A0A0
A0A0A0
505050
505050
A0A0A0
A0A0A0
000000
404040
404040
404040
404040
404040
404040
404040
404040
404040
404040
505050
505050
505050
505050
404040
404040
404040
404040
505050
505050
505050
A0A0A0
A0A0A0
A0A0A0
A0A0A0
A0A0A0
A0A0A0
505050
505050
A0A0A0
A0A0A0
000000
41413F
403E3F
3E3F41
404040
404241
3F3F3F
414141
404040
40403E
3F3F3D
505050
505050
505050
505050
404040
404040
404040
404040
404040
404040
404040
50504E
505050
505050
505050
505050
505050
404040
505050
A0A0A0
A0A0A0
000000
3F4140
404040
404040
3F3F3F
404040
414141
404040
3F3F3F
404040
404040
505050
51514F
505050
515151
404040
404040
1F3101
404040
404042
203003
404040
404040
505050
505050
4F4F4F
505050
404040
404040
505050
A0A0A0
A19FA0
000000
404040
404040
404040
404040
414141
404040
404040
3F4140
404040
404040
505050
505052
505050
505052
413F40
413F40
000000
1F3101
1F3101
000000
1E3000
404241
505052
505050
505050
505050
404040
203001
404040
505050
505050
000000
404040
404040
404040
404040
404040
3F4140
404040
404042
404040
404040
505052
4F5150
4E504F
505050
404040
414141
000000
000000
000002
000000
404042
404040
505052
505050
505050
505050
404040
404040
3F4140
3F4140
404040
000000
40403E
404040
404042
404040
3F413E
404040
404042
404040
404042
404040
505050
505050
505052
505050
404040
404040
010002
000000
000000
000000
404040
404040
505050
505050
505050
505050
404040
404040
40403E
404040
413F40
000000
404040
404040
404040
404040
404040
413F40
404040
404040
3F4140
404040
505050
505050
505050
505050
3F4140
404040
000000
000000
000000
000000
404042
404040
4F4F4F
505050
505052
4F4F4F
404040
404042
404040
3E403D
414141
000000
414141
404040
404040
404040
404042
3F4140
404040
3F3F3F
404040
413F40
505050
505050
514F50
505050
413F42
404040
010000
010101
000000
000000
413F40
404040
505050
505050
505050
4F5150
404040
3F4140
404040
424043
404040
0F4000
212F00
404042
3F4140
1F2F00
203001
404040
404040
1F3101
212E00
404040
404040
3F3F3F
404040
3F4140
413F40
203001
000000
000000
000000
000000
203001
404040
413F40
414141
413F40
404040
404040
1F3100
203001
404040
3F4140
