000000
000000
1F3101
404040
404040
413F40
414141
222F01
010000
000000
000000
000000
000000
000000
203001
414141
3F3F3F
404040
404040
203000
000000
000000
203001
213102
000000
000000
203001
413F40
404040
404040
404040
203001
404040
404040
404040
413F40
404040
413F42
404040
404040
404040
404040
404040
404040
404040
3F3F3F
413F40
404040
404040
404040
404040
404040
404040
404040
3F3F3F
413F40
404040
404040
413F40
3F4140
3F3F3F
404040
404040
404040
404040
404040
404040
404040
404040
404040
404040
404040
3F3F3F
40403E
413F40
404040
404040
3F413E
404040
40403E
404040
404040
404040
3F4140
404040
404040
404040
41403E
414141
404040
404040
404040
404040
404040
3F3F3F
404040
404040
404040
404040
404040
404042
404040
404040
414143
404040
404040
404040
404040
404040
3F3F3F
404040
3F4140
404040
3F4140
414141
404040
404040
40403E
404040
404040
404040
3F4140
404040
404040
404040
404040
413F40
413F40
404040
404042
404042
404040
3E403F
404040
404040
414141
404040
404040
404042
404040
404040
404040
3F3F3F
404040
3F3F3F
404040
404040
404040
404040
404040
3F4140
404040
404040
3F4140
404040
404040
404040
404040
404040
404040
404042
404040
3F4140
404040
404040
404040
404042
404040
413F42
404042
3F4140
404040
404040
404040
404040
1F3101
000000
000000
203001
413F40
3F4042
3F3F3F
404040
414141
3F3F3F
3F4140
404040
1E3000
000000
000000
203000
404040
404040
404040
404040
404040
404040
404040
40403E
404040
404040
404040
404040
404040
404040
404040
404040
404040
1F3101
203000
404040
404040
3F3F3F
404040
404042
404040
404040
413F42
413F40
404040
203001
203001
404040
404040
505050
4F4F4F
4F4F4F
50504E
505050
505050
505050
4F4F4D
505050
515151
505052
514F52
505050
50504E
505050
404040
404040
404040
404040
3F3F3F
505050
505050
50504E
505050
50504E
505050
505050
404040
404040
404040
3F4140
404040
505050
505050
505050
505050
515151
505050
505050
505052
4F4F4F
505050
505050
505050
505050
505050
515151
505050
404040
404040
404040
404040
404040
515151
505050
515151
505050
505050
505050
505050
404040
404040
404040
404040
4F4F4F
505050
505050
505050
505050
514F50
505050
505050
4F4F4F
505050
505050
505050
505050
515151
505050
505050
505050
404040
404040
404040
3F3F3F
404040
4F4F4F
505050
505050
505050
505050
505050
505050
404040
404040
404040
4F5052
505050
505050
505050
505050
505050
505050
505050
505050
515151
505050
505050
505050
505050
505050
505050
505050
505050
404040
404040
404040
404040
404040
515151
505050
505050
505050
505050
505050
505050
404040
404040
505050
4F5150
504E4F
50504E
50504E
505050
514F50
505050
505050
505050
505050
505050
505050
505050
505050
505050
505050
505050
505050
404040
404040
404040
3F3F3F
404040
505050
505050
505050
505050
505050
505050
505050
404040
404040
505050
4F4F4F
50504E
505050
505050
515151
505050
505050
505050
515151
505050
4F4F4F
505050
505050
505050
505050
505050
505050
505050
404040
404040
404040
404040
404040
505050
505050
505050
505050
505050
505050
505050
404040
404040
404040
404040
40403E
404040
404042
404042
505050
505050
505050
505050
505050
505050
505050
505050
505050
505050
505050
505050
505050
404040
404040
404040
404040
404040
505050
505050
505050
505050
505050
505050
1F3101
403E3F
404040
3F4140
404040
203000
414143
404040
3F3F3F
505050
505050
505050
505050
515151
505050
505050
505050
515151
505050
505050
505050
505050
404040
404040
404040
404040
404040
505050
505050
505050
505050
505050
000000
000000
000000
000000
000000
000000
000000
203001
404040
404040
404040
404040
404040
404040
404040
404040
505050
505050
505050
505050
505050
505050
505050
404040
404040
404040
404040
404040
505050
505050
505050
505050
203001
000000
000000
000000
000000
000000
000000
000000
203001
404040
404040
404040
404040
203001
404040
404040
404040
505050
505050
505050
505050
505050
505050
505050
404040
404040
404040
404040
404040
505050
505050
515151
404040
404042
203000
404040
3F4140
404040
413F40
1F3101
000000
000000
000000
000000
000000
000000
000000
203001
404040
404040
404040
404040
404040
404040
404040
404040
505050
404040
404040
404040
3F3F3F
404040
505050
505050
404042
404042
404040
40403E
404040
404040
404040
404040
213102
000000
000000
000000
000002
000000
000000
000000
203001
404040
404040
404040
404040
203001
404040
413F40
404040
515151
424041
404040
404040
404040
413F40
505050
515151
505050
505050
505050
50504E
4F4F4F
505050
404040
404040
404042
203001
404040
404040
404040
414141
203001
000000
000000
000000
000000
000000
000000
000000
203001
404040
403E3F
404040
3E403F
203001
203001
3F4140
404040
4F4F4F
514F50
515151
4F4F4D
50504E
504E4F
4E504F
505050
404040
404040
404040
404040
414141
3F3F3F
404040
3F3F3F
203001
000000
000000
000000
000000
000000
000000
000000
203001
414141
414141
1F3003
000000
000000
1F3101
404040
404040
404040
505050
505050
505050
505050
505050
4E4F51
505050
505050
4F4F4F
505050
505050
505050
505050
3F3F3F
413F40
404040
203001
404040
404040
404040
404040
203001
000002
000000
000000
000000
000000
000000
000000
1F3101
404040
3F3F3F
413F40
505050
505050
505050
505050
505050
505050
505050
505050
505050
514F50
505050
4F4F4F
505050
404040
404040
404040
404040
404040
404040
404040
404040
203001
000000
000000
000100
000000
000000
000000
000000
404042
404040
404040
505050
505050
505050
4F4F4F
505050
404040
404040
505050
505050
4F5150
505050
515151
505050
505050
505050
505050
505050
505050
505050
505050
404040
404040
404040
1F3003
404040
3F4140
41413F
404040
203001
203003
1F3101
404040
505052
505050
505050
50504E
404040
404040
404040
3F3F3F
505050
50504E
505050
505050
505050
505050
505050
505251
50504E
505050
505050
505050
505050
3F3F3F
404040
404040
404040
404040
404040
404040
404040
213100
413F40
404040
514F50
505050
505050
505251
404040
404040
404042
404040
505050
505050
505052
4F4F4F
505050
413F40
404040
505050
505050
505050
505050
505050
50504E
505050
50504E
50504E
505050
505050
505050
505050
404040
010101
404040
404040
505050
4F5150
505050
505050
404040
1F2F00
222F01
404040
4F4F4F
505050
505050
4F5150
403E3F
3F4140
404040
404040
505050
505050
505052
505050
505050
505050
505052
505050
505050
505050
505052
505050
505050
010000
404040
404040
51514F
505050
505050
505050
413F40
404040
404040
404040
505050
505050
505050
505050
404040
404040
3F4140
3F3F3F
505050
505050
505050
50504E
505050
404040
3F3F3F
504E4F
505050
505050
505050
515151
514F52
1F3101
404040
404040
505050
4F4F4F
505050
505050
404042
3F4140
414141
404040
505050
505052
505050
505052
404040
1F2F00
203001
404040
4F5150
505050
4F4F4F
515151
404042
3F3F3F
3F3F3F
3F3F3F
505050
50504E
505050
515151
505050
404040
413F40
3F3F3F
4F5150
505050
505050
505050
404040
404040
40403E
40403E
505050
505050
505050
505050
404040
414141
404040
404040
505050
505050
505050
505050
404040
404042
404040
404040
505052
505050
505050
505050
505050
404040
404040
413F40
505050
4F5150
505050
505050
404040
404042
404040
404040
505052
505050
505050
505050
404040
404040
404040
3F3F3F
505050
505050
50504E
505050
404040
203001
222F01
404040
505050
505050
4F4F4F
4F5150
413F40
404040
1F2F00
404040
3F4140
4F5150
50504E
505050
404040
404040
404040
413F40
515151
505050
505050
505050
413F42
404040
1E3000
404040
404040
51504E
4F5150
515151
404042
3F4140
3F3F3F
404040
505050
505052
505050
515153
404040
