404040
000000
203001
413F40
404040
505052
505050
414141
404042
404040
3F3F3F
505050
4F5150
505050
50504E
404040
404040
000000
203001
413F40
404040
505052
505050
414141
404042
404040
3F3F3F
505050
4F5150
505050
50504E
404040
404040
010101
1F3101
404042
413F42
404040
404040
404040
203001
404042
40403E
4F5150
505050
505050
505050
404040
404040
010101
1F3101
404042
413F42
404040
404040
404040
203001
404042
40403E
4F5150
505050
505050
505050
404040
40403E
203001
404040
404040
404040
404040
1F2F00
203001
000000
404040
404042
50504E
505050
514F50
505050
404040
40403E
203001
404040
404040
404040
404040
1F2F00
203001
000000
404040
404042
50504E
505050
514F50
505050
404040
404040
404040
404040
40403E
403E41
404042
1F2F02
203001
000000
404040
404040
505050
505050
4F5150
50504E
404040
404040
404040
404040
40403E
403E41
404042
1F2F02
203001
000000
404040
404040
505050
505050
4F5150
50504E
404040
404040
404040
404040
4F5150
404040
404040
404040
404042
203001
414141
404040
505050
4F5150
505050
505050
40413C
404040
404040
404040
4F5150
404040
404040
404040
404042
203001
414141
404040
505050
4F5150
505050
505050
40413C
414141
404040
3F3F3F
505050
4F5150
505050
505050
404040
3F4042
3F3F3F
404042
50504E
505050
505050
505050
404040
414141
404040
3F3F3F
505050
4F5150
505050
505050
404040
3F4042
3F3F3F
404042
50504E
505050
505050
505050
404040
404040
404040
3F3F3F
505050
514F50
505050
514F50
404040
404040
404042
404040
505050
505050
505050
505050
404040
404040
404040
3F3F3F
505050
514F50
505050
514F50
404040
404040
404042
404040
505050
505050
505050
505050
404040
404040
404040
404040
505050
514F50
515151
505050
404040
404040
203001
404042
3F3F3D
514F50
505050
505050
3F4140
404040
404040
404040
505050
514F50
515151
505050
404040
404040
203001
404042
3F3F3D
514F50
505050
505050
3F4140
404042
404040
3F3F3F
505050
4F5150
505050
50504E
404040
404040
000000
203001
413F40
404040
505052
505050
414141
404042
404040
3F3F3F
505050
4F5150
505050
50504E
404040
404040
000000
203001
413F40
404040
505052
505050
414141
203001
404042
40403E
4F5150
505050
505050
505050
404040
404040
010101
1F3101
404042
413F42
404040
404040
404040
203001
404042
40403E
4F5150
505050
505050
505050
404040
404040
010101
1F3101
404042
413F42
404040
404040
404040
000000
404040
404042
50504E
505050
514F50
505050
404040
40403E
203001
404040
404040
404040
404040
1F2F00
203001
000000
404040
404042
50504E
505050
514F50
505050
404040
40403E
203001
404040
404040
404040
404040
1F2F00
203001
000000
404040
404040
505050
505050
4F5150
50504E
404040
404040
404040
404040
40403E
403E41
404042
1F2F02
203001
000000
404040
404040
505050
505050
4F5150
50504E
404040
404040
404040
404040
40403E
403E41
404042
1F2F02
203001
203001
414141
404040
505050
4F5150
505050
505050
40413C
404040
404040
404040
4F5150
404040
404040
404040
404042
203001
414141
404040
505050
4F5150
505050
505050
40413C
404040
404040
404040
4F5150
404040
404040
404040
404042
3F4042
3F3F3F
404042
50504E
505050
505050
505050
404040
414141
404040
3F3F3F
505050
4F5150
505050
505050
404040
3F4042
3F3F3F
404042
50504E
505050
505050
505050
404040
414141
404040
3F3F3F
505050
4F5150
505050
505050
404040
404040
404042
404040
505050
505050
505050
505050
404040
404040
404040
3F3F3F
505050
514F50
505050
514F50
404040
404040
404042
404040
505050
505050
505050
505050
404040
404040
404040
3F3F3F
505050
514F50
505050
514F50
404040
404040
203001
404042
3F3F3D
514F50
505050
505050
3F4140
404040
404040
404040
505050
514F50
515151
505050
404040
404040
203001
404042
3F3F3D
514F50
505050
505050
3F4140
404040
404040
404040
505050
514F50
515151
505050
404040
404040
000000
203001
404040
404040
505050
505050
404040
404040
413F40
3F3F3F
505050
505050
505050
505050
3F4140
404040
000000
203001
404042
404040
514F50
505052
413F40
3F3F41
3F3F3F
404040
515151
4F5150
505050
50504E
404040
404042
000000
1F3101
3F4042
3F4140
424043
404040
404040
1E3000
404040
3F3F3F
505050
505050
505050
515151
404040
404040
000000
1F2F00
3F4042
3F3F3F
404040
404040
404040
203001
404042
40403E
4F5150
505050
505050
505050
404040
404040
203001
404040
404040
3F4140
413F40
1F3101
203001
000000
40403E
404040
505050
505050
505050
505050
404040
404042
1F2F00
404040
404040
404042
404040
1F3101
203000
000000
404040
404042
50504E
4F4F4F
514F50
4F4F4F
404040
505050
505050
404040
404040
404040
404040
404040
203003
000000
203003
404040
505050
505050
514F52
505050
404040
404040
404040
404040
40403E
404040
404040
1F3101
203001
000000
404040
404040
505050
505050
4F5150
51514F
404040
6EE100
70E000
505052
505050
404040
404040
404040
404040
203001
404040
404040
515151
505050
505050
505050
404040
413F40
404040
404040
505050
404040
413F40
404040
404040
203001
404040
404040
505050
4F5150
505050
505050
40413C
70E000
6EE100
70E000
505052
505052
505050
505050
52514F
505050
514F50
3F4140
505050
4F4F4F
505050
505050
404040
404040
1F3101
404040
505050
505050
505050
4F5150
3F4140
3F4042
404040
404042
50504E
505050
505050
505050
414141
6FDF00
6EE100
6EE100
6EE100
70E000
70E000
70E000
71E101
70E000
6EE100
504E4F
505050
4F4F51
50504E
505050
404040
404040
404040
404040
505050
514F50
505052
505050
404040
404040
404042
404040
505050
505050
505050
505050
404040
70E000
70E000
70E000
70E000
70E000
71E101
6DE000
70E000
70E000
70E000
70E000
505050
525051
505050
505050
505050
505050
505050
404040
505050
4F4F4F
505050
505050
404040
414141
203001
404042
50504E
514F50
505050
505050
3F4140
70E000
70E000
70E000
70E000
70E000
70E000
70E000
70E000
70E000
70E000
70E000
70E000
70E000
70E000
70E000
70E000
70E000
70E000
505050
514F50
514F50
505050
4F4F4F
404040
404040
404040
404040
505050
505050
50504E
505050
404040
70E000
70E000
70E000
70E000
70E000
70E000
70E000
70E000
70E000
70E000
70E000
70E000
70E000
70E000
70E000
70E000
70E000
6EE100
70E000
505050
505050
505050
505050
505050
505050
505050
404040
505050
505050
505050
4F4F51
3F3F3F
70E000
70E000
70E000
70E000
70E000
70E000
70E000
70E000
70E000
70E000
70E000
70E000
70E000
70E000
70E000
70E000
70E000
70E000
6EE100
70E002
70E000
70E000
71E101
70E000
70E000
71E101
505050
4F4F4F
515151
505050
505050
3F4140
70E000
70E000
70E000
70E000
70E000
70E000
70E000
70E000
70E000
70E000
70E000
70E000
70E000
70E000
70E000
70E000
70E000
70DE01
71DF00
70E000
71DF00
70E000
71E100
70E000
71DF00
6EE100
71E101
505052
505050
505052
50504E
505050
70E000
70E000
70E000
70E000
70E000
70E000
70E000
70E000
70E000
70E000
70E000
70E000
70E000
70E000
70E000
70E000
70E000
70E000
71DF00
70E000
70E000
70E000
70E000
71E101
6FDF00
70E000
71E101
6FDF00
6EE100
70E000
70E000
71E101
70E000
70E000
70E000
70E000
70E000
70E000
70E000
70E000
70E000
70E000
70E000
70E000
70E000
70E000
70E000
70E000
70E000
70E000
70E000
70E002
70E000
70E000
6EE100
70E000
70E000
70E000
70E000
70E000
70E000
70E000
70E000
70E000
70E000
70E000
70E000
70E000
70E000
70E000
70E000
70E000
70E000
70E000
70E000
70E000
70E000
70E000
70E000
70E000
70E000
70E000
70E000
70E000
6EE100
71E101
70E000
70E000
70E000
70E000
70E000
70E000
71DF00
70E002
70E000
70E002
70E000
70E000
70E000
70E000
70E000
70E000
70E000
70E000
70E000
70E000
70E000
70E000
70E000
70E000
70E000
70E000
70E000
70E000
6DE000
70E000
70E000
70E000
71E103
70E000
70E000
70E000
70E000
70E000
70E000
6EE100
70E000
71DF00
