413F40
404040
404040
3F4140
404040
404040
1F3101
404042
404040
505050
505050
505050
A0A0A0
A0A0A0
A0A0A0
A0A0A0
A0A0A0
A0A0A0
505050
505050
A0A0A0
A19FA0
4F5150
1F3101
413F40
404040
404040
3F4140
404040
404040
1F3101
404042
404040
4F5150
4F5150
505050
505050
3F4140
3F4140
404040
404040
505050
505050
505050
A0A0A0
A0A0A0
A0A0A0
A0A0A0
9FA1A0
A0A0A0
505050
505251
9FA1A0
A1A1A1
505050
3F4140
404040
4F5150
4F5150
505050
505050
3F4140
3F4140
404040
404040
505050
505050
505050
505050
404040
413F40
404040
404040
505050
505050
505050
A0A0A0
A0A0A0
A0A0A0
A0A0A0
A0A0A0
A0A0A0
505050
505050
A0A0A0
A0A0A0
505050
413F40
404040
505050
505050
505050
505050
404040
413F40
404040
404040
50504E
514F50
4F5150
505050
404040
404040
404042
404040
505050
505050
505050
A0A0A0
A0A0A0
A0A0A0
A0A0A0
A1A1A1
A0A0A0
505052
50504E
A1A09E
A0A0A0
4F5150
404040
404040
50504E
514F50
4F5150
505050
404040
404040
404042
404040
505050
50504E
505050
505050
40403E
404040
404040
404040
505050
505050
505050
A0A0A0
A0A0A0
A0A0A0
A0A0A0
A0A0A0
A0A0A0
4F4F4F
51514F
A0A09E
A0A0A0
515151
404040
404040
505050
50504E
505050
505050
40403E
404040
404040
404040
505050
505052
505050
505050
414141
404040
40403E
404040
505050
505050
505050
A0A0A0
A0A0A0
A0A0A0
A0A0A0
A0A0A0
A1A1A1
50504E
505050
A0A0A2
A0A0A0
505050
404040
404040
505050
505052
505050
505050
414141
404040
40403E
404040
505050
505050
505050
50504E
404040
3F4140
404040
404040
505050
505050
505050
A0A0A0
A0A0A0
A0A0A0
A0A0A0
A0A0A0
A0A0A0
505050
505050
A0A0A0
A0A0A0
505050
3F4140
404040
505050
505050
505050
50504E
404040
3F4140
404040
404040
505050
505050
50504E
505050
404040
414141
404040
404040
505050
505050
505050
A0A0A0
A0A0A0
A0A0A0
A0A0A0
A1A1A3
A0A0A0
505050
505050
A1A1A1
A0A0A0
505050
404040
404040
505050
505050
50504E
505050
404040
414141
404040
404040
505050
505050
505050
505050
404040
404040
404040
404040
505050
505050
505050
A0A0A0
A0A0A0
A0A0A0
A0A0A0
A0A0A0
A0A0A0
505050
505050
A0A0A0
A0A0A0
505050
404040
404040
505050
505050
505050
505050
404040
404040
404040
404040
505050
505050
505050
505050
404040
404040
404040
404040
505050
505050
505050
A0A0A0
A0A0A0
A0A0A0
A0A0A0
A0A0A0
A0A0A0
505050
505050
A0A0A0
A0A0A0
505050
404040
404040
505050
505050
505050
505050
404040
404040
404040
404040
505050
505050
505050
505050
404040
404040
404040
404040
505050
505050
505050
A0A0A0
A0A0A0
A0A0A0
A0A0A0
A0A0A0
A0A0A0
505050
505050
A0A0A0
A0A0A0
505050
404040
404040
505050
505050
505050
505050
404040
404040
404040
404040
505050
505050
505050
505050
404040
404040
404040
404040
505050
505050
505050
A0A0A0
A0A0A0
A0A0A0
A0A0A0
A0A0A0
A0A0A0
505050
505050
A0A0A0
A0A0A0
505050
404040
404040
505050
505050
505050
505050
404040
404040
404040
404040
505050
505050
505050
505050
404040
404040
404040
404040
505050
505050
505050
A0A0A0
A0A0A0
A0A0A0
A0A0A0
A0A0A0
A0A0A0
505050
505050
A0A0A0
A0A0A0
505050
404040
404040
505050
505050
505050
505050
404040
404040
404040
404040
505050
505050
505050
505050
404040
404040
404040
404040
505050
505050
505050
A0A0A0
A0A0A0
A0A0A0
A0A0A0
A0A0A0
A0A0A0
505050
505050
A0A0A0
A0A0A0
505050
404040
404040
505050
505050
505050
505050
404040
404040
404040
404040
505050
505050
505050
505050
404040
404040
404040
404040
505050
505050
505050
A0A0A0
A0A0A0
A0A0A0
A0A0A0
A0A0A0
A0A0A0
505050
505050
A0A0A0
A0A0A0
505050
404040
404040
505050
505050
505050
505050
404040
404040
404040
404040
505050
505050
505050
505050
404040
404040
404040
404040
505050
505050
505050
A0A0A0
A0A0A0
A0A0A0
A0A0A0
A0A0A0
A0A0A0
505050
505050
A0A0A0
A0A0A0
505050
404040
404040
505050
505050
505050
505050
404040
404040
404040
404040
505050
505050
505050
505050
404040
404040
404040
404040
505050
505050
505050
A0A0A0
A0A0A0
A0A0A0
A0A0A0
A0A0A0
A0A0A0
505050
505050
A0A0A0
A0A0A0
505050
404040
404040
505050
505050
505050
505050
404040
404040
404040
404040
505050
505050
505050
505050
404040
404040
404040
404040
505050
505050
505050
A0A0A0
A0A0A0
A0A0A0
A0A0A0
A0A0A0
A0A0A0
505050
505050
A0A0A0
A0A0A0
505050
404040
404040
505050
505050
505050
505050
404040
404040
404040
404040
505050
505050
505050
505050
404040
404040
404040
404040
505050
505050
505050
A0A0A0
A0A0A0
A0A0A0
A0A0A0
A0A0A0
A0A0A0
505050
505050
A0A0A0
A0A0A0
505050
404040
404040
505050
505050
505050
505050
404040
404040
404040
404040
505050
505050
505050
505050
404040
404040
404040
404040
505050
505050
505050
A0A0A0
A0A0A0
A0A0A0
A0A0A0
A0A0A0
A0A0A0
505050
505050
A0A0A0
A0A0A0
505050
404040
404040
505050
505050
505050
505050
404040
404040
404040
404040
505050
505050
505050
505050
404040
404040
404040
404040
505050
505050
505050
A0A0A0
A0A0A0
A0A0A0
A0A0A0
A0A0A0
A0A0A0
505050
505050
A0A0A0
A0A0A0
505050
404040
404040
505050
505050
505050
505050
404040
404040
404040
404040
505050
505050
505050
505050
404040
404040
404040
404040
505050
505050
505050
A0A0A0
A0A0A0
A0A0A0
A0A0A0
A0A0A0
A0A0A0
505050
505050
A0A0A0
A0A0A0
505050
404040
404040
505050
505050
505050
505050
404040
404040
404040
404040
505050
505050
505050
505050
404040
404040
404040
404040
505050
505050
505050
A0A0A0
A0A0A0
A0A0A0
A0A0A0
A0A0A0
A0A0A0
505050
505050
A0A0A0
A0A0A0
505050
404040
404040
505050
505050
505050
505050
404040
404040
404040
404040
505050
505050
505050
505050
404040
404040
404040
404040
505050
505050
505050
A0A0A0
A0A0A0
A0A0A0
A0A0A0
A0A0A0
A0A0A0
505050
505050
A0A0A0
A0A0A0
505050
404040
404040
505050
505050
505050
505050
404040
404040
404040
404040
505050
505050
4F4F4F
515151
404040
414141
404040
404040
404040
404040
404040
505050
505050
4F4F4F
505050
505050
505050
404040
505050
A0A0A2
A0A0A2
505050
404040
404040
505050
505050
4F4F4F
515151
404040
414141
404040
3F3F3F
505050
4F4F51
505050
4F4F4F
404040
404040
203000
404040
404040
213102
3F3F3F
40403E
505050
4F4F4F
505050
505052
404040
404040
505050
A1A1A1
A0A2A1
515151
41413F
3F3F3F
505050
4F4F51
505050
4F4F4F
404040
404040
203000
404040
505050
505050
515151
505050
404040
404040
000000
203001
203001
010002
203001
3F4140
505050
505050
505050
505050
404040
203001
413F40
514F50
505050
404042
404040
404040
505050
505050
515151
505050
404040
404040
000000
404040
505050
505052
505050
505050
404040
3F4140
000000
000002
000000
000000
404040
404040
515151
514F50
505052
505050
404040
404040
404040
404040
404040
404040
404040
404040
505050
505052
505050
505050
404040
3F4140
000000
404040
505050
4F4F4F
505050
505050
404040
413F40
000000
010101
000000
000000
404040
404040
51514F
505052
505050
4F5150
404040
404040
404040
40403E
404040
404040
404040
404040
505050
4F4F4F
505050
505050
404040
413F40
000000
404040
505050
505050
4F4F4F
505050
3F4140
413F40
000000
000100
000000
000000
3F4140
404042
505050
505050
505050
505050
414141
404040
3F3F3F
404040
404040
404040
404040
404040
505050
505050
4F4F4F
505050
3F4140
413F40
000000
404040
505050
505050
505050
505052
40403E
414141
000000
010100
000000
000000
404040
3F4140
514F50
505052
505050
505050
3F413E
404040
404040
3F3F41
404040
404040
404040
404040
505050
505050
505050
505052
40403E
414141
000000
3F4140
404040
3F3F3F
413F40
404040
404040
203000
000000
000000
000002
000000
1F3100
404040
404040
3F4140
404040
3F3F3F
3F4140
1F3101
203001
404040
404040
203000
203001
3F4140
404040
3F3F3F
413F40
404040
404040
203000
000000
