70E000
70E000
71E101
70E000
70E000
71E101
70E000
71E103
70E000
70E000
70E000
70E000
70E000
71E101
70E000
6EE100
70E000
71E101
70E000
70E000
70E000
71DF00
70E000
70E000
70E000
70E000
70E000
70E000
70E000
70E000
70E000
70E000
6FDF00
6FDF00
6FDF00
71E101
70E000
70E000
70E000
71DF00
70E002
70E000
71E101
70E000
71DF00
70E000
70E000
70E000
70E000
70E000
6FDF00
70E000
70E000
71E101
6EE100
70E000
70E000
70E000
70E000
70E000
70E000
70E000
70E000
70E000
70E000
70E000
70E000
6EE100
1F8000
208100
208100
208002
208100
208100
1F8000
208100
208100
218201
208100
208100
1F8000
208100
208100
1E8100
70E000
70E002
71DF00
71E101
70E000
70E000
70E000
70E000
70E000
70E000
70E000
70E000
70E000
70E000
70E000
71E101
208100
000000
000000
000000
000000
000000
0F4000
015000
208100
208100
208100
208002
1E8100
208100
015000
208100
71E101
71E101
6EE100
70E000
70E000
70E000
70E000
70E000
70E000
70E000
70E000
70E000
70E000
70E000
1D8001
1F8000
0F3F01
000000
000000
000000
000000
104100
015000
208100
208100
218002
208100
218201
208002
208100
1E8100
015000
208100
208002
6EE100
71E101
70E000
70E000
70E000
70E000
70E000
70E000
70E000
70E000
70E000
70E002
208100
000000
010101
010101
000000
000000
000000
0F4000
208100
1F8000
208100
208100
208100
218000
208100
218201
208100
208100
024F00
208100
70E000
70E000
70E000
70E000
70E000
70E000
70E000
70E000
70E000
70E000
70E000
6EE100
208100
000000
000000
000000
000000
010103
000002
0F4000
218201
208100
208100
208002
1F8000
208100
208100
1F8000
208100
208100
208100
015001
208100
208100
70E000
70E000
70E000
70E000
70E000
70E000
70E000
70E000
71DF00
71E101
208100
208100
0F4000
000000
000000
010101
000000
0F4000
208100
208100
208100
218000
208100
208100
208100
208100
208100
208100
1F8000
208100
124000
218000
70E000
70E000
70E000
70E000
70E000
70E000
70E000
70E000
70E000
70E000
70E000
70E000
208100
010000
000000
000000
000000
0F4000
208100
1F8000
208100
208100
208100
218201
208100
208100
208100
218000
208100
208100
0F4000
208100
70E000
70E000
70E000
70E000
70E000
6DE000
70E000
70E000
70E000
70E002
70E002
70E000
208100
218201
0F4000
000000
0F4000
015000
208100
218201
208002
218000
208100
208100
208100
1E8100
208100
218201
208100
208002
015001
208100
70E000
70E000
70E000
70E000
70E000
6EE100
70E000
70E000
70E000
70E000
70E002
70E000
70E000
6FE201
208100
0F4200
005200
208100
015000
015001
208100
208100
208100
208100
208100
208100
208002
208002
208100
208100
208100
024F00
218201
207F01
72E100
70E000
70E000
70E000
70E000
70E000
70E000
70E000
70E000
71E101
6FDF00
71DF00
208100
0E3E00
208100
208100
015000
005200
208100
218201
208100
208100
208100
208100
1F8000
208100
208100
208100
208002
208100
0F3F01
208100
70E000
71DF00
70E000
70E000
6FDF00
70E000
70E000
70E000
70E000
71E101
70E000
70E000
208100
0F4000
208100
208100
208100
208100
015000
015000
208100
1F8000
1E8100
208002
208100
1E8100
208100
218000
208100
208100
0F3F01
208100
70E000
70E002
70E002
70E000
70E000
70E000
70E000
70E000
6FDF00
71E101
70E000
70E000
218201
015000
208100
208100
218000
208100
0F3F01
0F4000
024F00
208100
1F8000
208100
208100
208100
1E8100
207F01
1D8001
208100
004F00
208100
72E001
70E000
70E000
70E000
70E000
70E002
70E000
70E000
6EE100
6EE100
1F8000
1E8100
024F00
208100
208100
208100
208100
208100
104100
000000
0F4000
015000
208100
1E8102
208100
208100
208100
208100
208100
208100
208100
015000
208002
208002
70E000
70E000
70E000
70E002
70E000
70E000
70E000
70E000
208002
015000
208100
1F8000
1F8201
208100
208100
004F00
0F4000
000000
000000
103E00
015000
1F8000
208100
208100
208002
208100
1E8100
208100
208100
218000
0F4000
208100
70E000
70E000
71E101
70E000
70E000
70E000
208100
208100
015000
208100
228101
1E8100
208100
218201
015000
0F4000
000002
000000
000000
000000
0F4000
015000
208100
218000
208100
208100
208002
208100
208100
208100
113F00
208100
6EE100
70E000
70E000
6FDF00
70E000
70E000
208100
015000
208100
218201
208100
1F8201
218201
015000
0F4000
010101
0F4000
124000
223000
000000
0F4000
015001
208100
208100
218201
218201
208100
208002
208100
208100
024F00
1E8100
70E000
70E000
70E000
70E000
1F8000
218201
014E00
208100
208100
208100
1E8100
208100
015001
0F3F01
000000
0F4000
015000
005200
0F4000
0F4000
005100
218201
005200
0F4000
0F4000
014E00
218201
208100
208100
208002
218000
015001
208100
208002
70E000
71E100
1E8100
208100
208100
208100
208100
208100
208100
208100
0F4000
000000
0F4000
015000
208100
208100
0F4000
0F3F01
208100
208100
015000
113F01
000000
0F3F01
015000
208100
208100
208100
208100
208100
015000
1F7F01
71DF00
70E000
70E000
70E000
70E000
70E000
70E000
70E000
6EE100
70E000
208100
0F4000
015000
218201
208100
208100
0F4000
0F3F01
208002
1E8100
208100
015000
0F4000
000000
0E4100
0F4000
0F4000
024F00
208002
208100
218201
015000
208100
1E8100
70E000
6EE100
71DF00
70E000
70E000
70E000
70E000
70E000
208100
015000
218201
208100
218201
1F8000
208100
208100
208100
1E8100
208100
208100
015000
0F4000
000000
0E4100
208100
208100
208100
208100
208100
208100
208100
208100
70E000
71E101
70E000
70E000
70E000
70E000
208100
208100
208100
208100
228101
208100
70E000
70E000
70E002
6EE100
218000
208100
208100
208100
208100
015000
0F4000
208100
70E000
70E000
70E000
6FDF00
70E000
70E000
71DF00
70E000
70E000
70E000
71E101
70E000
70E000
70E000
208100
015000
1F8000
208100
208100
70E000
6FDF00
70E000
70E000
70E000
1F8000
208100
208100
208002
208100
208002
0E4100
208100
70E000
6DE000
70E000
70E000
6DE000
70E000
70E000
70E000
70E000
70E002
70DE01
70E000
208100
1F8000
024F00
208100
208100
1F8000
6FDF00
70E000
70E000
70E000
70E000
70E000
208100
208100
208100
208100
208002
207F01
0F4000
208100
70E000
6FDF00
70E000
70E000
70E000
70E000
70E000
70E000
70E000
70E000
70E000
6EE100
208100
208100
208100
218000
1F8000
70E000
70E000
70E000
70E000
70E000
70E000
70E000
70E000
208100
208100
208100
218000
1E8100
0F3F01
208100
70E000
70E000
70E000
70E000
70E000
70E000
70E000
70E000
71DF00
70E000
70E000
70E000
70E000
70E000
70E000
70E000
6FDF01
70E000
70E000
70E000
70E002
70E000
71E101
70E000
70E000
70E000
208100
208100
208100
1E8100
0F4000
208100
71E101
70E000
70E000
70E000
70E000
70E000
70E000
70E000
70E000
70E000
70E000
70E002
70E000
70E002
71DF02
70E000
70E000
70E000
70E000
70E000
70E000
70E000
70E000
71E101
70E000
70E000
71E101
208100
208100
208100
015000
208100
70E000
70E000
70E000
70E000
70E000
70E000
70E000
70E000
6FDF00
70E000
70E002
70E000
71DF00
70E002
70E000
70E000
70E000
70E000
70E000
70E000
71E101
70E000
70E000
70E000
70E000
71E000
70E000
70E000
208100
208100
208100
015000
208100
218201
70E000
70E000
70E000
70E000
6FDF00
70E000
70E000
70E000
70E000
70E000
70E000
6FDF00
70E000
71E101
70E000
70E000
70E000
70E000
70E000
71E101
70E000
70E000
70E000
6EE102
71E101
70E000
70E000
208100
208002
208100
208100
208100
70E000
70E000
70E000
70E000
70E000
70E000
70E000
70E000
70E000
70E000
6FDF00
70E000
71DF00
70E000
70E000
70E000
71E101
70E000
70E000
70E000
70E002
70E000
70E000
70E000
70E000
70E000
6EE100
70E000
70E000
70E000
70E000
70E000
70E000
70E000
70E000
70E000
70E000
70E000
70E000
70E000
70E000
6FDF00
70E002
70E002
70E000
70E002
70E000
70E000
70E000
71E101
70E000
70E002
70E000
70E002
70E000
70E000
70E000
70E000
70E000
70E000
70E002
70E000
70E000
70E000
70E000
70E000
70E000
70E000
70E000
70E000
