208100
208100
208100
208100
208100
208100
208100
208100
208100
208100
208100
208100
208100
218000
208100
208002
208100
208100
208100
208100
208100
208100
208100
208002
208100
208100
208100
208100
218000
208100
208100
208100
208100
208100
208100
208100
208100
208100
208100
208100
208100
208100
208100
208002
208100
208100
208100
218201
208100
208100
1E8100
208100
1E8100
208100
208100
208002
218201
208100
208100
208100
208100
208100
208100
208100
208100
208100
208100
208100
208100
208100
208100
208100
1E8100
1F8000
015000
015000
208100
208100
015001
025100
208100
208100
208100
208100
208100
1E8102
1E8102
218201
208002
1E8100
208100
208100
208100
208100
70E000
70E000
208100
208100
208100
208100
208100
208100
208100
208100
208100
015000
0F4000
0F4000
208100
208100
0E4100
0F4000
015000
1E8100
208100
208100
1F8000
208100
1F8000
208100
208100
208100
208100
208100
208100
1F8000
70E000
6EE100
208100
208100
208100
208100
208100
208100
208100
208100
015000
0F4000
000000
104100
218000
208100
0F4000
000000
0F4000
015000
208100
208100
208100
208100
208100
208100
208100
208100
208100
208100
015000
0F4000
1F8000
208100
208100
208100
208100
208100
208100
208100
208100
208100
0E3F00
000002
0F4000
015001
208100
208100
015000
0F3F01
000002
0F4000
208100
208100
208100
208100
208100
208100
208100
1E8100
208100
015000
0F4000
000000
0F3F01
003E0F
208100
208100
208100
208100
208100
208100
208100
208100
0F4000
0F4000
015000
208100
208100
208100
208100
024F00
104100
0F4000
208100
208100
208100
208100
208100
208100
1E8100
208100
015000
0F4000
000000
0F4000
015000
015000
208100
208100
208100
208100
208100
208100
208100
208100
005200
015000
208100
208100
208100
208100
208100
208100
015000
015000
208100
208100
218000
208100
1E8100
208002
208100
1E8100
005001
0E3F00
0F3F01
025100
208100
015000
208100
208100
208100
208100
208100
208100
208100
208100
208100
208100
208100
208100
208100
208100
208100
208100
208100
1F8000
1E8100
207F00
208100
218201
208100
218201
208100
1D8000
208100
208100
208100
208100
208100
238202
208100
208100
208100
208100
208100
208100
208100
208100
208100
208100
208100
208100
208100
208100
208100
208100
208100
1D8000
208100
208100
208100
208100
208003
208100
208100
1F8000
208100
208002
208100
208100
208100
208100
208100
208100
208100
208100
208100
208100
208100
208100
208100
208100
208100
208100
208100
208100
208100
208100
1F8000
208100
218201
208100
208100
208100
208002
208100
208100
208100
208100
208002
208100
228101
1F8000
004F00
208100
208100
208100
208100
208100
208100
208100
208100
208100
208100
208100
208100
208100
208100
208100
208100
208100
208100
208002
1F8000
208100
208100
208100
208002
218201
208100
218201
1E8100
208100
208100
208100
015000
208100
208100
208100
208100
208100
208100
208100
208100
208100
208100
208100
208100
208100
208100
208100
208100
208100
208100
015000
015000
208100
208100
015000
015000
208100
208100
208100
208100
208100
208100
208100
015000
208100
208100
208100
208100
208100
208100
208100
208100
208100
208100
208100
208100
208100
208100
208100
208100
208100
015001
0F4000
0F4000
208100
1D8001
0F4000
0F4000
015000
1E8100
218200
218000
208100
208100
208100
015000
208100
208100
208100
208100
208100
208100
208100
208100
208100
208100
208100
208100
208100
208100
208100
208100
024F01
0F4000
000004
104100
208100
218103
0E4100
000002
0F3F01
015001
208100
218000
208002
208100
004F00
003F10
208100
208100
208100
208100
208100
208100
208100
208100
208100
208100
208100
208100
208100
208100
208100
208100
0F4000
000002
0F4000
015000
218201
1F7F01
015000
0F4000
000000
113F00
208100
208100
208100
015000
104100
000000
208100
208100
208100
208100
208100
208100
208100
208100
208100
208100
208100
218000
208100
208100
208100
208100
0E3E00
113F00
004F00
208100
208100
1F8000
208100
015000
0F4000
0F4000
208100
208100
024F00
0F4000
000000
000000
208100
208100
208100
208100
208100
208100
208100
208100
208100
208100
218201
208100
208100
207F00
208100
208100
005200
004F00
1F8201
208100
208100
1E8100
208100
208100
005200
015000
208100
208100
0F4000
000000
0F4000
014011
208100
208100
208100
208100
208100
208100
208100
208100
218201
208100
1D8001
208100
1F8201
208100
218201
208002
208100
208100
218000
218000
1F8000
218201
208100
208100
208100
208100
208100
1F8000
0F4000
0F4000
015000
015000
208100
208100
208100
208100
208100
208100
208100
208100
208100
208100
218104
208100
218201
208100
208002
208002
208100
208100
208100
208100
208100
1F8000
208100
1F8000
208100
208100
218000
208100
015000
015000
218201
025100
208100
208100
208100
208100
208100
208100
208100
208100
208100
208100
208002
218201
208100
208100
208100
208100
208100
208100
208100
208100
1F8000
208100
208100
218000
208100
1F8000
208100
208100
208100
1E8100
208100
208100
208100
208100
208100
208100
208100
208100
208100
208100
208100
208100
208100
208100
208100
208100
208100
208100
208100
208100
208100
208100
208100
218000
218201
208002
208100
208100
208100
208100
208100
218000
1E8100
208100
208100
208100
208100
208100
208100
208100
208100
208100
208100
208100
015000
005200
1F8000
208100
004F00
004F00
1F8000
208100
208100
218201
208100
208100
208100
208100
208100
218201
208100
208100
208002
208100
208002
015001
208100
208100
208100
208100
208100
208100
208100
208100
208100
024F00
0F4000
0F4000
218201
208100
0F4000
0F3F01
015000
208100
208100
208002
208100
208100
218201
1F8000
208100
208100
218000
208100
218201
208100
208100
1F8000
208100
208100
208100
208100
208100
208100
208100
208100
015000
0F4000
000000
0F4000
208100
208100
0E4100
000000
0E4100
015000
208100
208100
1E8100
208100
208002
208100
1E8100
208100
208100
208100
208100
208100
70E000
70E000
208100
208100
208100
208100
208100
208100
208100
208100
104100
000000
0F4000
024F01
218201
208002
015000
0F4000
000002
0F4000
208100
208100
208100
208100
218000
208100
218000
208100
228101
218201
208100
218201
70E000
6FE201
208100
208100
208100
208100
208100
208100
208100
208100
0F4000
113F00
015001
208100
208100
208100
208100
004F00
104100
0F4000
208100
218000
208100
208100
208100
208100
208100
208100
208100
208100
015000
0E3E00
1E8100
208100
208100
208100
208100
208100
208100
208100
208100
208100
015000
015000
208100
208100
208100
208100
1E8100
208100
015000
015001
208100
208100
208100
208100
208100
208100
1F7F01
208100
208100
015000
0F4000
000000
0F4000
003F10
208100
208100
208100
208100
208100
208100
208100
208100
218201
218201
208100
208100
208100
208100
208100
208100
208100
1E8100
208100
208100
1F8000
218201
208100
208100
208100
1F8000
015000
0F3F01
000000
0F4200
015000
015000
208100
208100
208100
208100
208100
208100
208100
208100
208100
208100
208100
208100
208100
208100
208100
208100
208100
208100
208100
208100
218201
208100
208100
228101
208100
208100
015001
113F00
0F3F01
005200
208100
015000
208100
208100
208100
208100
208100
208100
208100
208100
208100
218002
208100
208002
208100
208100
208100
208100
208100
208100
208100
208100
208100
208100
208100
208100
208100
208100
208100
208100
208100
208100
218000
015000
208100
208100
208100
208100
208100
208100
208100
208100
218000
228101
208100
1F8201
208100
208100
208100
208002
208100
1E8100
208100
1E8100
1E8100
218201
208100
208100
208100
208100
218201
208100
208100
218002
208100
1E8100
