70E000
70E000
70E000
70E000
208100
218201
218201
208100
208100
1E8100
0E3F00
404040
9E3F00
9F4000
9F4000
9F3F02
A13F00
9E3F00
9F4000
9F4000
404040
0F4000
208100
208100
6FDF00
70E000
70E000
70E000
70E000
70E000
70E000
93D100
70E002
71E101
70E000
71DF00
208100
000000
000000
000000
000002
203001
4F1000
4F1000
A04101
9F4000
9E4000
9F4000
9F4000
9F4000
9F4000
A13F00
4F1000
4E0F00
203001
218201
71E101
71E101
70E000
6FDF00
70E000
70E000
70E000
79DD00
70E000
70E000
208100
208100
0F4000
000000
000000
000000
000002
501102
9F4000
9F4000
A13F00
9F4000
9F4000
A04101
9F4000
9F4000
9F4000
9F3F02
9F4000
9F4000
4E0F00
0F4000
1E8100
218000
70E000
70E000
70E000
71E101
70E000
7ADB00
71E101
70E000
208100
010000
000002
000000
000000
000000
000000
4F1000
9E4000
9F4000
9F4000
9F4000
9F4000
9F4000
9F3F02
9D3F01
9F4000
9F4000
9F4000
9F4000
4F0F03
000000
020005
208100
70E000
70E000
70E000
70E000
71DF00
77DD00
70E000
6FDF00
208100
000000
000000
000000
000000
000000
000000
4F1000
4F1000
4E0F00
4F1000
4F1000
4E1100
4F1000
4F1000
4F1000
501100
4F1000
4F1000
4E0F00
4F1000
000000
000000
1F8000
71E101
70E000
6FDF00
70E000
71E101
76DE01
6EE102
70E002
208002
208100
0F4000
000000
0F4000
0F4000
0F4000
0F4000
203001
000002
000000
000000
000000
1F3101
0F4000
0F3F01
0F3F01
0F4000
000000
000000
000000
000000
0F3F01
208100
70E002
70E000
6FE203
70E000
6EE100
77DF02
71E101
70E000
70E000
71E000
208100
0F4000
015000
218201
218201
015000
003F10
000000
010101
000002
000000
003F10
015000
208100
208100
015000
003F10
000000
000002
0F4000
015001
024F00
1E8100
208100
70E000
70E002
70E000
78DE01
71DF00
6FDF00
6EE100
70E000
208100
0E3F00
208100
218201
208100
024F00
0F4000
000000
000000
000000
000000
0E3E00
015000
208100
208100
218103
015000
0F4000
0F4000
004F00
208100
015001
0F3F01
1F8000
72E100
71DF00
71DF00
71DF00
6EE100
70E000
218000
208100
0F4000
0E4100
208100
218002
004F00
0F4000
000000
000000
000000
000000
000000
203001
0F4000
0E3E00
0F4000
025100
208100
208100
208100
208100
014E00
0F4000
000000
113F00
208100
228300
70E000
73DF00
B0BF02
6EE100
208002
0F4000
222F01
0F3F01
015000
218201
015000
0F4000
0E3E00
0F4000
000000
000000
0F4000
0F4000
0F4000
0F3F01
000000
113F00
1E8100
218201
1F8000
208100
0F4000
000000
0F4000
0E3E00
104100
208100
6EE100
8AD600
606000
1E8100
218000
015001
0F4000
010101
0F4000
015000
218000
208002
208100
004F00
0F4000
0E4100
015000
208100
208100
015000
0F4000
0F3F01
208100
208100
218000
208100
0F4000
0F4000
025100
208100
208100
208100
1E8100
986E00
510F00
0D3F00
208100
218201
104100
000000
000000
0F4000
208100
208100
208100
208100
0F4000
113F01
218000
208100
208100
208100
015000
015001
208100
218002
1E8100
015000
0E4100
0E4001
1F8000
208100
208100
004F00
0F4000
9F4101
4F1000
0F4000
218201
1E8100
113F01
000000
010101
0F4000
208100
208100
208002
208100
124002
0F4000
208100
208002
208100
208100
208100
208100
208100
208100
015000
0E3E00
000000
0F4000
208002
208003
208100
005102
0E4100
9F4000
4F1000
0F4000
015000
208100
015000
103E00
0F3F01
015000
208100
208100
208100
1F8000
015001
015000
1E8100
208100
208002
208100
208002
1E8100
208100
208100
015000
0F4000
0F3F01
015000
1E8100
218201
208002
019000
015000
9F4000
4F1000
000000
013F10
015000
1F8000
208100
1F8000
208100
015000
015000
218200
218000
208100
218000
015000
015000
208100
208100
207F01
208100
015001
015000
208100
208100
1E8100
218201
015000
015000
208100
019000
207F01
636001
4F1000
000000
000000
0F4000
1F8000
208100
208100
218000
0F4000
103E00
208100
208002
1F8000
208100
004F00
015000
1E8100
208100
1F7F01
208100
015000
015000
208100
208100
1F8000
1E8100
015000
015000
208100
1F8000
208100
5F6100
520F00
000000
000002
0F4000
1E8100
208100
208100
218201
0F3F03
113F00
218103
208100
208100
208100
208100
208100
208100
208100
208100
208100
208100
208100
208100
208100
218201
208100
208100
208100
208100
208100
208100
606000
4F1000
000000
003F10
025100
208100
228101
208100
208002
015000
015000
208100
208002
208100
208002
208100
208100
208100
208100
208100
208100
208100
208100
208100
208100
208100
218201
208100
208100
208100
208100
208100
606000
4F1000
0F4000
015000
208100
015000
124000
0F4000
005200
208100
1F8201
208100
218201
208100
208100
208100
1F8000
208100
208100
208100
208100
208100
208100
208100
208100
208100
208100
218201
208100
208100
019000
024F00
9E4000
4F1000
0F4000
208100
208100
0E3E00
000000
0E4100
024F00
218000
208100
208100
208100
208100
208100
208100
208100
208100
208100
208100
208100
208100
208100
208100
208100
208100
208100
208100
208100
248001
029101
004F00
A04003
4E0F00
0E3E00
218000
208100
0F4000
0F4000
015000
218000
208100
208100
208100
208100
208100
208100
208100
208100
208100
208100
208100
208100
208100
208100
208100
208100
218201
1F7F01
1E8100
1F8000
208100
208100
208100
5F5E01
606000
208100
208100
218000
015000
015000
208100
208002
208100
208002
208100
208100
1E8100
208100
208100
208100
208100
208100
208100
208100
208100
208100
208100
208100
208100
208100
208100
208100
1E8100
208100
1E7F00
B0BF00
ADC201
6EE100
1F7F01
1E8100
1D8000
208100
218000
1F8000
208100
218000
208100
1E8100
208100
208100
1E8100
208100
208100
208100
208100
208100
208100
208100
208100
208100
208100
208100
1F8000
1E8100
208100
218201
70E002
A2C800
70E000
70E000
208002
218000
208002
208100
1F8000
208100
208100
208100
208100
208002
208100
218201
208100
208100
208100
208100
208100
208100
208100
208100
208100
208100
208100
1E8100
208100
208100
207F00
218200
6FE200
80DB02
70E002
70E000
208100
014E00
1F8000
208100
208100
218000
218201
1F8000
208100
208100
208100
208100
208100
208100
208100
208100
208100
208100
208100
208100
208100
208100
208100
208002
208100
218000
015000
238202
70E000
73DF00
70E000
70E000
208100
208100
208100
1E8100
218000
208002
208100
208100
208100
208100
208100
208100
208100
208100
208100
208100
208100
208100
1F8000
208100
208100
208100
208002
208100
218000
1F8000
1F8000
228101
70E000
75DD00
70E000
71DF00
70E000
70E000
208100
208100
1F8000
208100
1F8000
208100
208100
208100
208100
208100
208100
208100
218000
208100
208100
208100
208100
218000
208100
1E8100
208100
208100
208100
218000
70E000
70E000
70E000
76DE03
70E000
70E000
70E000
71DF00
6FDF00
208100
208100
208100
1F8201
208100
208100
208100
208100
208100
208100
208100
208100
208100
208100
208100
208100
208100
208100
208100
1E8100
208100
208100
71DF00
70E000
71E101
70E000
71DF00
70E000
70E000
71DF02
70E000
70E000
70E000
208100
208002
015000
015001
208100
208100
208100
208100
208100
208100
208100
208100
208100
208100
208100
208100
208100
208100
024F01
208100
70E000
70E000
70E002
6EE102
70E002
71DF00
70E000
70E000
70E000
70E000
70E000
70E000
70E000
208100
208100
208100
208100
1E8100
208100
218201
1E8100
208100
208100
208002
1E8100
1D8001
208100
1F8000
208002
208100
208100
208100
70E000
71E101
70E000
70E000
70E000
78DE01
70E000
70E000
6FDF00
70E000
70E000
70E000
70E000
71E101
70E000
70E000
208100
1E8100
024F00
005200
208100
208100
208100
208002
024F00
015001
208100
208100
6EE100
70E000
70E000
6FDF00
70E000
71E101
70E000
70E000
70E000
76DE01
70E000
70E002
70E000
70E000
70E000
70E000
71E101
6FDF00
70E000
70E000
208100
208100
218201
208100
208100
208100
208100
208100
208100
208002
208100
208100
70E000
71E101
71E101
70E000
70E000
6EE301
70E000
71E101
70E000
70E000
