208100
208100
208100
208100
1F8000
208100
208100
208100
208002
208100
1E8100
208100
208100
208100
208100
208002
208100
208100
208100
208100
208100
208100
208100
208100
208100
208100
208100
208100
208100
208100
208100
208100
208100
208100
208002
208100
208100
208100
218000
208100
208100
208100
208100
208100
218000
208100
208100
218201
208100
208100
208100
208100
208100
208100
208100
208100
208100
208100
208100
208100
208100
208100
208100
208100
218002
208100
208100
1E8100
208100
208100
208002
218103
208100
208100
208100
1E8100
208100
208002
208002
208100
208100
208100
208100
208100
208100
208100
208100
208100
208100
208100
208100
208100
208100
208100
208100
208100
208100
208100
208100
208100
208100
208100
1F7F01
218103
218000
208100
208100
208100
208002
208100
208100
1F8000
208100
208100
208100
208100
208100
208100
208100
208100
208100
208100
208100
208100
208100
208100
208100
208100
208100
208100
208002
208100
1E8100
208100
208100
208100
218000
208100
208100
208100
1F8000
208100
208100
208100
208100
208100
208100
208100
208100
208100
208100
208100
208100
208100
208100
208100
208100
208100
208100
208100
208100
1F8000
208100
208100
208100
208100
208100
208100
208100
208100
218201
218000
1E8100
208100
218000
208100
208100
208100
208100
208100
208100
208100
208100
208100
208100
208100
208100
208100
208100
208100
208100
208100
208100
218201
208100
208100
208100
208100
004E02
004F00
208100
208100
015000
015000
208002
208100
208100
218201
208100
208100
208100
208100
208100
208100
208100
208100
208100
208100
208100
208100
208100
208100
208100
208100
208100
218002
1F8000
208100
208100
015000
113F00
0F4000
208100
1E8100
0F4000
113F00
004F00
218200
208100
208100
208100
208100
208100
208100
208100
208100
208100
208100
208100
208100
208100
208100
208100
208100
208100
208100
208100
208002
218000
208100
015000
0F3F01
000000
0E4001
208100
208100
113F00
000002
0F4000
015000
1E8100
208100
208100
208100
208100
208100
208100
208100
208100
208100
208100
208100
208100
208100
208002
1F7F01
208100
218201
208100
208100
208100
1E8100
0E3E00
000000
0E4100
015000
208002
218201
004F00
0F4000
000000
0F3F01
208100
208100
208100
208100
208100
208100
1E8100
208100
208002
208100
208100
208100
208100
208100
208100
1F8201
208002
208100
208100
208002
1F7F01
208100
0F4000
104100
004F00
208100
208100
208100
208100
004F00
0E4100
0F4000
208100
208100
218201
208100
208100
208100
208002
208100
208100
218201
208100
208100
218201
218201
208100
218103
208100
208100
208100
208100
208100
208100
004F00
015000
1E8100
208100
218201
218000
208100
208100
004F00
024F00
208100
208100
208100
208100
208100
218201
208100
218200
1F8000
1E8100
208100
208100
208100
208100
208100
218201
208100
208100
1F7F01
218201
1F8000
208100
218201
208100
208100
218000
208100
208100
218201
208100
208100
208100
208100
208100
208100
208100
1E8200
208100
1E8102
208100
015000
015000
208100
208100
004E02
015000
1E8100
208100
228103
218201
208100
208100
208100
218200
208100
208100
208100
208100
208100
208100
218103
208100
218201
218201
208100
208100
208100
208100
208100
208100
208100
004F00
113F00
104100
208100
208100
0F4000
0F4000
004F00
208100
208100
208100
1E8100
218000
208100
208100
218103
208100
1F8000
218000
1F8000
208100
1E8100
218201
208100
208100
208002
208100
208100
208100
208100
208100
015000
104100
000002
0F3F01
208100
208100
0F4000
000002
0F4000
015000
208100
208100
208100
208100
208100
208100
208100
208100
208100
208100
208100
1F8000
1D8001
208100
218201
208100
218201
208100
208100
218000
208100
208100
104002
000000
0E3E00
024F00
208100
1E8102
015000
113F00
000000
113F00
208100
208100
208100
208100
208100
208100
208100
208100
208100
208100
208100
208100
208100
208100
208100
208100
208100
208100
1E8100
208100
208100
208100
0F4000
113F01
004F00
208100
208100
208100
218200
004F00
113F00
0F4000
1E8200
208100
208100
208100
208100
208100
208100
208100
208100
208100
208100
208100
208100
208100
208100
208100
208100
208100
218000
208100
208100
208100
015000
015001
208100
208100
218201
208100
208100
208002
015000
015000
208100
208100
208100
208100
208100
208100
208100
208100
208100
208100
208100
208100
208100
208100
208100
208100
208100
208100
208100
208100
1F8000
208100
208100
208100
208100
1F8000
208100
218000
208002
208100
208100
218201
208100
208100
208100
208100
208100
208100
208100
208100
208100
208100
208100
208100
208100
208100
208100
208100
208100
208100
208100
208100
1F8000
1E8100
208100
208100
208100
218201
208100
208100
208100
1F8000
208100
208100
208100
228101
208100
208100
208100
208100
208100
208100
208100
208100
208100
208100
208100
208100
208100
208100
208100
208100
208100
208002
208100
208100
208100
208100
208100
208100
1F8000
208100
208100
208002
208100
208100
208100
218000
208100
208100
208100
208100
208100
208100
208100
208100
208100
208100
208100
208100
208100
208100
208100
208100
208100
1F8000
208100
208002
218103
208100
208100
208100
208100
208003
208100
208100
1E8100
208100
208100
218000
208100
208100
208100
208100
208100
208100
208100
208100
208100
208100
208100
208100
208100
208100
208100
208100
208100
218201
208100
208100
208100
208100
208100
208100
208100
208100
208100
218000
1E8100
208100
208100
208100
208100
208100
208100
208100
208100
208100
208100
208100
208100
208100
208100
208100
208100
208100
208100
208100
208100
208100
208100
208100
218201
218000
218201
208100
208100
208100
208100
218201
218201
1E8200
208100
208100
208100
208100
208100
208100
208100
208100
208100
208100
208100
208100
208100
218201
208100
208100
015001
015000
218201
208100
015000
004F00
208100
208100
208100
208100
208100
208100
208100
208100
208100
208100
208100
208100
208100
208100
208100
208100
208100
208100
208100
208100
208100
208100
208100
208002
208100
025100
0F3F01
0E4100
208100
1E8100
0F4000
0F4000
015000
1E8100
208100
208100
208100
208100
208100
208100
208100
208100
208100
208100
208100
208100
208100
208100
208100
208100
208100
208100
208100
1F8000
208100
208100
015000
0F4000
000002
0F4000
218000
208100
0F4000
000000
0F4000
015000
208100
208100
208100
208100
208100
208100
208100
208100
208100
208100
208100
208100
208100
208100
208100
208100
208100
208100
208100
208100
208100
208100
0F3F01
000000
0F3F01
015000
208100
208100
015001
0F4000
000000
0E4100
208002
218002
208100
208100
208100
208100
208100
208100
208100
208100
208100
208100
208100
208100
208100
208100
208100
208100
218201
208100
1E8100
208100
0E3F00
0F4000
015000
208100
208100
1E8100
208100
005100
0F4000
0F4000
208100
208100
208100
208100
208100
208100
208100
208100
208100
208100
208100
208100
208100
208100
208100
208100
208100
208100
208100
1F8000
208100
208100
015000
015000
208100
208100
208100
218000
218201
208100
004F00
015000
208100
208100
208100
208100
208100
208100
208100
208100
208100
208100
208100
208100
208100
208100
208100
208100
208100
208100
208100
1E8100
208100
208100
218000
228101
208100
208100
208100
208100
1F8000
218201
208100
208100
208100
218201
208100
208100
208100
208100
208100
208100
208100
208100
208100
208100
208100
208100
208100
208100
208100
208100
208100
208100
208100
1D8001
1F8000
218200
208100
208100
208100
208100
208100
208100
208100
208100
1F8000
208100
208100
208100
208100
208100
208100
208100
208100
208100
