208100
218200
208100
1E8100
208100
70E000
70E000
70E000
70E000
70E000
70E000
71E101
70E000
70E000
71DF00
70E000
70E000
70E000
70E000
70E000
70E000
71DF00
70E000
70E000
70E000
70E000
70E000
70E000
70E000
70E000
70E000
70E000
208100
010000
0F4000
015000
208100
208100
70E000
70E000
70E000
70E000
70E000
70E000
70E000
70E000
70E000
70E000
70E000
71E101
70E000
70E002
70E000
70E002
70E000
71DF02
70E000
70E000
70E000
70E000
70E000
70E000
70E000
70E000
0F3F01
0F4000
015000
208100
208100
208100
208100
208100
208100
208100
218000
208002
208100
208100
1E8102
208100
70E000
70E000
70E000
71E101
70E000
70E002
70E000
70E000
70E000
70E000
70E000
70E000
70E000
70E000
70E000
70E000
0F4000
024F00
208100
208100
208100
208100
0F4000
000000
000000
000000
0E4100
015000
208100
228101
0F4000
1E8100
70E000
70E000
71E100
6EE100
70E000
70E000
70E000
70E000
70E000
70E000
70E000
70E000
70E000
70E000
70E000
70E000
015000
208100
208100
208100
208002
208100
0F3F01
000002
000002
104100
024F00
208100
208100
208100
0F4000
0E3E00
208100
208100
208100
208100
208100
70E000
6FDF00
70E000
70E000
70E000
70E000
70E000
70E000
70E000
70E000
70E000
208100
208100
208100
208002
208100
1F8000
0F4000
000000
0F4000
015000
208100
1E8100
208100
208100
0F3F01
000000
000000
000000
0F4000
015000
208100
208100
70E000
70E000
70E000
70E000
70E000
70E000
70E000
70E000
70E000
70E000
208100
208100
208100
208100
208100
208100
0F4000
0F4000
005001
208100
208100
1F8000
208100
218201
0E4100
000000
000000
0F4000
024F00
208100
208100
208100
208100
208100
70E000
70E000
70E000
70E000
70E000
70E000
70E000
70E000
208100
218201
208100
208002
208100
208100
015000
015000
208100
1F8000
218201
208100
208100
208100
0E4100
000000
0F4000
015000
208100
208100
208100
208100
0F4000
218200
70E000
70E000
70E000
70E000
70E000
70E000
70E000
70E000
208100
208100
208100
208100
1F8000
208100
208100
208100
208100
208100
208002
218201
208100
1E8100
0F4000
0F4000
015000
208100
208002
208002
208100
208100
0F4000
0F4000
208100
208100
71E101
70E000
71DF00
6EDE00
70E000
71E101
208100
208100
208002
208100
208100
208100
218000
208100
208100
218000
208100
208100
208100
1E8100
015000
015000
208100
208100
208100
208100
208100
208002
0F4000
000002
010002
208100
6FDF00
70E000
70E000
6EE100
70E000
6EE100
218002
208100
208100
1E8100
208100
208100
208002
218103
1E8200
1F8201
208100
208100
208002
1F8000
208100
208100
208100
1E8100
208100
208100
208100
208100
0F4000
000000
000002
0F4000
207F00
70E000
70E000
70E000
70E000
70E000
208100
208100
208100
208100
208100
208100
1F7F01
218103
208002
208100
218201
218000
208100
208100
208100
208002
208100
208100
218000
208100
218000
1F8000
104100
000000
0F4000
015000
208100
208100
70E000
70E000
70E002
70E000
208100
208100
208002
208100
1E8100
208100
208100
208100
208002
208100
218201
208100
208100
208100
1F8000
218000
208100
208100
208100
208100
1F8000
208100
0F4000
0F4000
015000
1F8000
208100
208100
70E000
6EE100
6EE100
6FDF00
208100
1F8000
208100
208100
208100
208100
208100
208100
208100
208100
218201
218201
1F8000
208100
218000
208100
208003
208100
208100
208100
208100
208100
025100
004F00
208100
1D8001
1F8201
208100
70E000
70E000
70E000
70E000
208100
218201
208100
208100
208100
208100
004E02
004F00
208100
207F00
015000
015001
208100
208100
208100
208100
1F8000
208100
208003
218000
208100
208002
208100
208100
208100
208100
208100
208100
208002
208002
70E000
70E000
208100
218002
1F8000
208100
208100
015000
113F00
0F4000
1F8000
208100
0F3F01
113F00
014D02
208100
208100
218000
208002
208100
208100
208100
208100
208100
208100
208100
208100
218201
208100
005200
0E4100
1E8100
71DF02
70E000
208100
208002
218000
208100
015000
0F3F01
000000
0E4001
208100
208100
113F00
000002
0F4000
015000
1E8100
208100
208100
208100
208100
208100
208100
208100
208100
208100
1F8000
208100
015001
0F4000
000000
208100
71E101
71DF00
208100
208100
208100
1E8100
0E3E00
000000
0E4100
015000
208002
218201
004F00
0F4000
000000
0F3F01
208100
208100
208100
208100
208100
208100
208100
208100
208100
208100
208100
208100
0F4000
000000
0F4000
208100
71E101
70E000
208100
208002
1F7F01
208100
0F4000
104100
004F00
208100
208100
208100
208100
004F00
0E4100
0F4000
208100
208100
208100
208100
208100
208100
208100
208100
208100
208100
218201
208100
0F4000
0F3F01
015000
228101
208100
70E000
208100
208100
208100
208100
004F00
015000
1E8100
208100
218201
218000
208100
208100
004F00
024F00
208100
208100
208100
208100
208100
208100
208100
208100
208100
208100
1D8000
208002
015000
015000
1F8201
1E8100
208100
208100
1F7F01
218201
1F8000
208100
218201
208100
208100
218000
208100
208100
218201
208100
208100
208100
208100
208100
208100
208100
208100
208100
208100
208100
208100
208100
208100
208100
208100
208100
1E8100
208100
208100
208100
208100
208100
208100
218200
208100
208100
208100
208100
208100
208100
218103
208100
218201
218201
208100
208100
208100
208100
208100
208100
208100
208100
208100
208100
208100
208100
208100
208100
1E8100
1F8000
1F8000
208002
1E8100
218000
208100
208100
218103
208100
1F8000
218000
1F8000
208100
1E8100
218201
208100
208100
208002
208100
208100
208100
208100
208100
208100
208100
208100
208100
208100
208002
208100
208100
208100
208100
015000
218201
208100
208100
208100
208100
208100
208100
208100
208100
208100
1F8000
1D8001
208100
218201
208100
218201
208100
208100
208100
208100
208100
208100
208100
208100
208100
208100
208100
208100
208100
208100
015000
0F4000
208100
208100
208100
208100
208100
208100
208100
208100
208100
208100
208100
1E8100
208100
1E8100
208100
208100
218201
025102
015000
1E8100
208100
015000
015000
208100
218201
208100
218201
208100
218002
015000
0F4000
000000
208100
208100
208100
208100
208100
208100
208100
208100
208100
207F01
208100
208100
208100
208100
208100
208100
015000
0F4000
124000
1E8100
208100
0F4000
0F4000
004F00
1E8100
208100
218000
208100
015000
0F4000
000000
0F4000
208100
208100
208100
208100
208100
208100
208100
208100
208100
208100
208100
218201
1F8000
207F01
208100
015000
0F4000
000000
0E3E00
208100
208100
0F3F01
000000
0F4000
015001
208002
1F8000
015000
0F3F01
000000
0F4000
015000
218201
208100
208100
208100
208100
208100
208100
208100
208100
218000
208100
208100
208100
208100
1E8100
0F4000
010000
104100
015000
208100
1F8201
015000
0F4200
000002
0F4000
208100
208100
015000
0F4000
0F4000
024F00
208100
218201
208100
208100
208100
208100
208100
208100
208100
208100
208100
208002
208100
1E8100
208100
208100
103E00
113F00
015000
208100
208100
208100
1E8100
015000
0E3E00
0F4000
208100
208100
208100
208100
208100
208100
208100
1E8100
208100
208100
208100
208100
208100
208100
208100
208100
208100
208100
208100
208100
1E8100
208100
015000
015000
208100
1F8201
208100
208100
218201
208100
015000
005100
208100
208100
1F8000
208100
208002
208100
208100
208100
208100
208100
208100
208100
208100
208100
208100
208100
208100
208100
208100
208100
208100
1E8100
208100
208100
208100
208100
208100
208100
208100
208002
208100
218000
208100
218201
218000
208100
208100
1E8100
208100
1E8100
208100
208100
208100
208100
208100
208100
208100
208100
218103
208100
218201
208100
218000
208100
208100
1F8203
208100
208100
208100
1E8100
208100
208100
218201
208100
208100
208100
208100
208100
208100
208100
1F7F01
208100
