208100
208100
208100
208100
208100
208100
218201
1F7F01
208100
1F8000
208100
208100
208100
1E8100
208100
208100
208100
208100
208100
208100
208100
208100
208100
208100
208100
208100
208100
208100
208100
208100
208100
208100
208100
218201
208100
208100
1F8000
208100
218000
208100
228101
208100
218000
208100
208100
1F8000
208100
208100
208100
208100
208100
208100
208100
208100
208100
208100
208100
208100
208100
208100
208100
208100
208100
208100
208100
208100
208100
208100
208100
208100
015001
015000
208100
208100
015000
004F00
208100
1F8201
208100
208100
208100
208100
208100
208100
208100
208100
208100
208100
208100
208100
208100
208100
208100
208100
208100
208100
208100
1F8000
208100
218103
218201
015000
0F4000
0F4000
208100
208100
0F4000
0F4000
015000
208100
208100
208100
208100
208100
208100
208100
208100
208100
208100
208100
208100
208100
208100
208100
208100
208100
208100
208100
208100
208100
208100
208100
004F00
104100
000000
0F3F01
208002
208002
0E4100
000000
0E4100
015001
1E8100
208100
208100
208100
208100
208100
208100
208100
208100
208100
208100
208100
208100
208100
208100
208100
208100
208100
208100
208100
208002
218201
0F3F01
000002
0F4000
015000
208100
208100
015000
0F4000
000000
0F4000
208100
208100
208100
208100
208100
208100
208100
208100
208100
208100
208100
208100
208100
208100
208100
208100
208100
208100
208100
208100
208002
1E8100
0F4000
0F4000
015000
208100
208100
208100
208100
015000
0F4000
0E4100
1E8100
208100
208100
208100
208100
208100
208100
208100
208100
208100
208100
208100
208100
208100
208100
208100
208100
208100
218201
208100
208100
208100
015001
005200
208100
208002
208100
208100
218000
208100
004F00
015000
208100
218201
208100
208100
208100
208100
208100
208100
208100
208100
208100
208100
208100
208100
208100
208100
208100
208100
208100
208100
208100
208100
208100
208100
208100
208100
208100
208100
208100
208100
208100
208100
208100
208100
208100
208100
1E8100
208100
1E8100
208100
208100
218201
025102
015000
1E8100
208100
015000
015000
208100
218201
208100
208100
208100
208100
208100
208100
208100
208100
208100
208100
208100
208100
208100
208100
208100
208100
207F01
208100
208100
208100
208100
208100
208100
015000
0F4000
124000
1E8100
208100
0F4000
0F4000
004F00
1E8100
208100
208100
208100
208100
208100
208100
208100
208100
208100
208100
208100
208100
208100
208100
208100
208100
208100
208100
218201
1F8000
207F01
208100
015000
0F4000
000000
0E3E00
208100
208100
0F3F01
000000
0F4000
015001
208100
208100
208100
208100
208100
208100
208100
208100
208100
208100
208100
208100
208100
208100
208100
208100
218000
208100
208100
208100
208100
1E8100
0F4000
010000
104100
015000
208100
1F8201
015000
0F4200
000002
0F4000
208100
208100
208100
208100
208100
208100
208100
208100
208100
208100
208100
208100
208100
208100
208100
208100
208100
208002
208100
1E8100
208100
208100
103E00
113F00
015000
208100
208100
208100
1E8100
015000
0E3E00
0F4000
208100
208100
208100
208100
208100
208100
208100
208100
208100
208100
208100
208100
208100
208100
208100
208100
208100
208100
208100
208100
1E8100
208100
015000
015000
208100
1F8201
208100
208100
218201
208100
015000
005100
208100
208100
208100
208100
208100
208100
208100
208100
208100
208100
208100
208100
208100
208100
208100
208100
208100
208100
208100
208100
208100
1E8100
208100
208100
208100
208100
208100
208100
208100
208002
208100
218000
208100
208100
208100
208100
208100
208100
208100
208100
208100
208100
208100
208100
208100
208100
208100
208100
218103
208100
218201
208100
218000
208100
208100
1F8203
208100
208100
208100
1E8100
208100
208100
218201
208100
208100
208100
208100
208100
208100
208100
208100
208100
208100
208100
208100
208100
208100
208100
1F8000
208100
1F7F01
218201
208100
208100
208100
208100
208100
208100
208100
208100
208100
208100
208100
208100
208100
208100
208100
208100
208100
208100
208100
208100
208100
208100
208100
208100
1F8000
218201
208100
208100
208100
218201
218201
218000
208100
1F8000
208100
208100
218201
208100
208100
208100
208100
208100
208100
208100
208100
208100
208100
208100
208100
208100
208100
208100
208100
208100
208100
218000
218201
208100
004F00
015000
208100
208100
015000
015001
218201
208100
208100
208100
1F8000
208100
208100
208100
208100
208100
208100
208100
208100
208100
208100
208100
208100
208100
208100
208100
208100
208100
208100
1E8100
208100
005100
0F4000
0F4000
208100
208100
0F4000
0F4000
015000
218201
208002
218201
1F8000
208100
208100
208100
208100
208100
208100
208100
208100
208100
208100
208100
208100
208100
208100
208100
208100
208100
208100
208100
015001
0F4000
000000
0E4100
208002
218002
0F3F01
000000
0F4000
004F00
208100
208100
208100
208100
208100
208100
208100
208100
208100
208100
208100
208100
208100
208100
208100
208100
208100
208100
208100
208100
218000
208100
0F4000
000000
0F4000
015000
208100
208100
015000
104100
000002
0F3F01
208100
1F7F01
208100
208100
208100
208100
208100
208100
208100
208100
208100
208100
208100
208100
208100
208100
208100
208100
208100
208100
208100
1E8100
0F4000
0F4000
015000
1E8100
208100
208100
208100
015000
0F4000
0F4000
1E8100
208002
208100
208100
208100
208100
208100
208100
208100
208100
208100
208100
208100
208100
208100
208100
208100
208100
208100
208100
218201
208100
015000
004F00
208100
208100
208100
208100
208002
208100
005200
004F00
208100
208100
208100
218201
208100
208100
208100
208100
208100
208100
208100
208100
208100
208100
208100
208100
208100
208100
208100
208100
208100
208100
1F7F01
208100
208002
208002
208100
208100
208100
208100
208100
208100
208100
208100
208100
208100
208100
208100
208100
208100
208100
208100
208100
208100
208100
208100
208100
208100
208100
208002
208100
208002
208100
208100
218201
208100
208100
208100
208100
208100
208100
208100
208100
208100
208100
208100
208100
208100
208100
208100
208100
208100
218201
208100
218201
208100
208100
208100
208100
208100
70E000
70E000
208100
208100
208100
208100
208100
208100
208100
208002
70E000
70E000
208100
208100
208100
208100
208100
208100
208100
208100
70E000
70E000
208100
208100
208100
208100
208100
208100
208100
208100
208100
70E000
70E000
70E000
70E000
208100
208100
208100
208100
208100
208100
70E000
70E000
71E101
70E000
208100
208100
208100
208100
208100
208100
70E000
70E000
70E000
70E000
208100
208100
208100
208100
208100
208100
208100
70E000
70E000
70E000
70E000
70E000
70E000
208100
208100
208100
208100
70E000
70E000
71E103
70E000
70E000
70E000
208100
208100
208100
208100
70E000
70E000
70E000
70E000
70E000
70E000
1F8000
1F8000
208100
208100
70E000
70E000
70E000
70E000
70E000
70E000
70E000
70E002
70E000
208100
208100
70E000
70E000
70E000
6FDF00
70E000
70E000
70E000
70E000
208100
208100
70E000
70E000
70E000
70E000
70E000
6FDF00
70E000
70E000
208100
208100
208100
70E000
70E000
70E000
70E000
70E000
70E000
70E000
70E000
70E000
70E000
70E000
70E000
70E000
70E000
70E000
70E000
70E000
70E000
70E000
70E000
70E000
70E000
70E000
70E000
70E000
71E101
70E000
70E000
70E000
70E000
70E000
70E000
70E000
70E000
70E000
70E000
70E000
70E000
70E000
70E002
70E000
70E000
71E101
70E000
70E000
70E000
70E000
70E000
70E000
70E000
70E000
70E000
70E000
70E000
70E000
70E000
71E101
70E000
70E000
70E000
70E000
70E000
70E000
70E002
