208100
208100
208100
208100
1E8100
208100
1F8000
218201
208100
218000
208100
208100
208100
208100
208100
208100
218201
208100
218201
208100
207F00
1E8100
1F8000
208100
208100
208100
208100
208100
208100
208100
208100
208100
208100
1E8100
208100
208100
208100
208100
208100
208100
208100
208002
208100
208100
208100
208100
208100
208100
208100
208003
208100
208100
208100
208100
1D8000
208100
208100
208100
208100
208100
208100
208100
208100
208100
70E000
70E000
208100
208100
208100
208100
208100
208002
218000
208100
1E8100
228302
208100
208100
208100
208100
208100
208002
208100
208100
208100
218201
208100
1F8000
208100
208100
208100
208100
208100
208100
208100
208100
71DF00
71DF00
208100
208100
208100
208100
208100
208100
208100
208002
208100
208100
208100
217F03
208100
208100
208002
208100
208100
208100
1F8000
208002
208100
208100
208100
208100
208100
208100
208100
208100
208100
208100
71E101
70E000
208100
208002
208100
208002
1E8100
218000
208100
208100
218201
1F8000
218103
208100
208100
208100
015000
015000
208100
208100
015000
015000
208100
208100
208100
208100
208100
208100
208100
208100
208100
208100
70E000
70E000
208100
218201
208100
208100
208100
208100
208100
207F01
208100
1F8000
208100
208100
208100
004F00
0F4000
0F4000
1D8001
208100
0F4000
0F4000
015001
208100
208100
208100
208100
208100
208100
208100
208100
208100
208100
1E8100
0F4000
015000
208100
208100
218000
218000
208100
218201
208100
208100
208100
208100
015000
0F4000
000002
0E4100
218103
208100
104100
000002
0F4000
024F01
208100
208100
208100
208100
208100
208100
208100
208100
015000
113F00
000000
0F4000
015000
218000
208002
208100
208100
208100
208100
218000
218000
1E8100
0F4000
010000
0F4000
015000
1F7F01
218201
015000
0F4000
000002
0F4000
208100
208100
208100
208100
208100
208100
208100
208100
218000
015000
0F3F01
010002
0F4000
015000
208100
208100
208100
208100
208100
208100
208100
208100
0F3F01
0F4000
015001
208100
208100
218000
208100
015000
0F4000
0F4000
208100
208100
208100
208100
208100
208100
208100
208100
208100
208100
005001
0F4000
0F4000
015000
208100
208100
218000
208100
218000
208100
208100
208100
015000
015000
208100
208100
208100
1E8200
208100
208100
015000
015000
208100
208100
208100
208100
208100
208100
208100
208100
208100
208100
208100
208100
208100
208100
218201
208002
208100
1F8000
1E8100
208003
208100
208100
218201
208100
208100
208100
1E8100
208100
208100
218201
218201
218200
208100
208100
208100
208100
208100
208100
208100
208100
208100
208100
208100
207F00
218201
208100
218000
208100
208100
208100
208100
208100
208100
208100
208100
1F8000
208100
208100
208100
1F8000
208100
208002
208100
218201
208100
208100
208100
208100
208100
208100
208100
208100
208100
208100
1E8102
208100
208100
208100
208100
208100
1E8100
1E8100
218000
208100
208100
208100
208100
218201
208100
208100
208100
208100
208100
208100
208100
208100
208100
208100
208100
208100
208100
208100
208100
208100
208100
1F8000
208100
208100
208100
218000
1F8000
1F8000
218201
208100
1F8000
208100
208100
208100
208100
208100
208100
208100
208100
208100
208100
1F8000
208100
208100
208100
208100
208100
208100
208100
208100
208100
208100
0F4000
015000
208100
208100
1E8100
208100
208100
208100
015001
015000
1E8100
208100
015000
015001
208100
208100
208100
208100
207F01
1F8000
208002
1E8100
208100
208100
208100
208100
208100
208100
208100
208100
208100
208100
000000
0F4000
004F00
208002
208002
208002
218200
015000
0F4000
113F00
208100
208100
0E3F00
113F00
004F00
208100
218000
208100
208100
208100
1E8100
208002
1F7F01
208100
208100
208100
208100
208100
208100
208100
208100
208100
000000
010000
0F4000
015000
208100
208100
015000
0F4000
000000
0F4000
208100
1E8100
0F3F01
010000
0E4100
015000
208100
208100
208100
208100
208100
208100
208100
208100
208100
208100
208100
208100
208100
208100
208100
208100
0F3F01
0F4000
010004
0F4000
208100
218201
103E00
000000
0F4000
015000
208100
228101
024F00
0F4000
000000
104100
208100
208100
208100
208100
208100
208100
208100
208100
208100
208100
208100
208100
208100
208100
208100
208100
208100
024F00
0F4000
0F4000
1E8100
1F8000
0F4000
0F4000
004F00
208100
208100
208100
208100
015000
0F4000
0F4000
208100
208100
208100
208100
208100
208100
208100
208100
208100
208100
208100
208100
208100
208100
208100
208100
1F8000
208100
015000
015000
208100
208002
005200
015000
208100
208100
208100
208002
208100
208100
025100
015000
208100
208100
208100
208100
208100
208100
208100
208100
208100
208100
208100
208100
208100
208100
208100
208100
208100
1F8000
208100
218201
1E8100
208100
208100
218000
208100
208100
218201
208100
1F7F01
208100
208100
208100
208100
208100
208100
208100
208100
208100
208100
208100
208100
208100
208100
208100
208100
208100
208100
208100
1F7F01
208100
1D8001
208100
208100
208100
208100
208100
208002
208100
208100
208100
208100
208100
218201
208100
208100
208100
208100
208100
208100
208100
208100
208100
208100
208100
208100
208100
208100
208100
208100
208100
70E000
70E000
208100
208100
208100
208100
208100
1E8100
208100
208100
208100
208100
218103
208100
218002
208100
208100
208100
208100
208100
208100
208100
208100
208100
208100
208100
208100
208100
208100
208100
208100
208100
70E000
70E000
218201
208100
207F00
1E8100
218201
208100
208100
208100
208100
218000
1F8201
208100
218000
218000
208100
208100
208100
208100
208100
208100
208100
208100
208100
208100
208100
208100
208100
208100
208100
208100
208100
208100
0F4000
015000
1E8100
208100
208100
208002
208100
208100
208100
208100
208100
208100
208100
208100
208100
208100
208100
218201
208100
208100
015001
015000
218201
208100
015000
004F00
208100
208100
208100
208100
208100
0F3F01
010000
0F4000
024F00
208100
208100
208100
208100
208100
208100
208100
208100
208100
208100
208100
208100
208100
208100
208002
208100
025100
0F3F01
0E4100
208100
1E8100
0F4000
0F4000
015000
1E8100
208100
208100
208100
005100
0F4000
000002
0F4000
015000
208100
208100
208100
208100
208100
208100
208100
208100
208100
208100
208100
1F8000
208100
208100
015000
0F4000
000002
0F4000
218000
208100
0F4000
000000
0F4000
015000
208100
208100
208100
208100
015000
0F4000
0F4000
015000
208100
208100
208100
208100
208100
208100
208100
208100
208100
208100
208100
208100
208100
208100
0F3F01
000000
0F3F01
015000
208100
208100
015001
0F4000
000000
0E4100
208002
218002
208002
208100
208100
208100
218201
208100
208002
208100
208100
208100
208100
208100
208100
208100
208100
208100
218201
208100
1E8100
208100
0E3F00
0F4000
015000
208100
208100
1E8100
208100
005100
0F4000
0F4000
208100
208100
208100
208100
218000
208100
208100
1F8000
208100
208100
208100
208100
208100
208100
208100
208100
208100
208100
208100
1F8000
208100
208100
015000
015000
208100
208100
208100
218000
218201
208100
004F00
015000
208100
208100
207F00
218201
218201
208100
208100
208100
208100
218201
208100
208100
208100
208100
208100
208100
208100
208100
208100
1E8100
208100
208100
218000
228101
208100
208100
208100
208100
1F8000
218201
208100
208100
208100
218201
208100
218201
208100
228101
218000
208100
208100
208100
208100
208100
208100
208100
208100
208100
208100
208100
208100
208100
208100
1D8001
1F8000
218200
208100
208100
208100
208100
208100
208100
208100
208100
1F8000
208100
