208100
218000
208100
208100
208100
208100
208100
208100
208100
1F8000
1D8001
208100
218201
208100
218201
208100
208100
208100
208100
208100
208100
208100
208100
208100
208100
208100
208100
208100
208100
208100
208100
208100
218201
208100
208100
208100
208100
208100
208100
218201
1F8000
208100
1E8100
218201
208100
208100
208002
208100
208100
208002
208100
1E8100
208100
208100
208100
208100
208100
208100
208100
208100
208100
208100
208100
208100
0F4000
015000
208100
208002
208100
208100
208002
208002
208100
208100
218103
208100
218201
218201
208100
208100
218201
208100
208100
208002
208100
208100
208100
218201
208100
208100
208100
208100
208100
208100
208100
208100
010000
113F00
1E8100
208100
208100
208100
208100
208100
208100
208100
218201
208100
208100
208100
208100
208100
1E8100
1F8000
218200
208100
218201
208100
208100
208100
208100
208100
208100
208100
208100
208100
208100
208100
000000
0F4000
208002
208100
208100
208100
208100
208100
218201
218000
208100
208100
004F00
024F00
208100
208100
015000
015000
208100
1E8102
208100
1E8200
208100
208100
208100
208100
208100
208100
208100
208100
208100
208100
0F4000
0F4000
025100
208100
208100
1E8100
208100
208100
208100
208100
208100
004F00
0E4100
0F4000
208100
208100
104100
113F00
004F00
208100
208100
208100
208100
208100
208100
208100
208100
208100
208100
208100
208100
208100
218201
000000
0F4000
025100
1E8100
218201
208002
208100
208002
218201
004F00
0F4000
000000
0F3F01
208100
208100
0F3F01
000002
104100
015000
208100
208100
208100
208100
208100
208100
208100
208100
208100
208100
208100
208100
208100
208100
0F4000
0F4000
015000
218201
208002
208100
208100
208100
113F00
000002
0F4000
015000
1E8100
208100
024F00
0E3E00
000000
104002
208100
208100
218000
208100
208100
208100
208100
208100
208100
208100
208100
208100
70E000
70E000
208100
000002
113F00
015000
208100
208100
208100
1E8100
0F4000
113F00
004F00
218200
208100
208100
208100
015000
0E3F00
113F00
1E8100
208100
208100
208100
208002
208100
1E8100
208100
208100
208100
208100
208002
70E002
71E101
208100
0F4000
0F4000
004F00
1E8100
208100
208100
208100
015000
015000
208002
208100
208100
218201
208100
1E8100
015000
015000
208100
208100
208100
208100
208100
208100
208100
208100
218000
208100
208100
218201
70E000
70E000
208100
208100
208100
208100
208100
208100
208100
208100
218201
218000
1E8100
208100
218000
208100
1F8000
208100
208100
208100
208100
208100
208100
208100
208100
208100
208100
1E8100
208100
208002
208002
208100
6FDF00
70E000
208002
1F8000
1F8203
208100
208100
1F8000
218000
208100
208100
208100
1F8000
208100
208100
208100
218002
208100
208100
208100
208100
208100
208100
208100
218000
208100
208100
208100
208002
208100
208100
1F8000
70E000
70E000
208100
015000
208100
208100
208100
208100
218000
208100
208100
208100
208002
208100
208100
1F8000
208100
208002
208100
218002
208100
1E8100
208100
208100
218000
208100
208100
208100
1F8000
208100
208100
208100
70E000
70E002
208100
0F4000
015000
208100
208100
208100
208100
208100
208100
1E8100
208100
208002
208002
208100
208100
208100
208100
208100
208100
208100
208100
208100
208100
208100
218201
218000
1E8100
208100
218000
208100
6EE100
71E101
207F01
000002
0F4000
025100
208100
208100
208100
208100
208100
208100
218000
208100
208100
218201
208100
208100
208100
208100
208100
1E8100
015000
005001
208100
208100
015000
015000
208002
208100
208100
218201
70E002
70E000
208100
208100
0F4000
0F4000
014F03
208100
208002
208100
1E8100
208100
208100
208100
208100
208002
208100
208100
1F8000
218201
208100
015000
0F4000
0F4000
208100
1E8100
0F4000
113F00
004F00
218200
208100
208100
70E000
70E000
70E000
70E000
208100
000002
0F4000
004F00
208100
208100
208100
208100
208100
208100
208100
208100
208100
208002
218000
208100
015000
0F3F01
000000
0E4001
208100
208100
113F00
000002
0F4000
015000
1E8100
208100
70E002
70E000
71DF00
70E000
208100
104100
0F3F01
005200
208100
208100
208100
208100
208100
208100
208100
208100
208100
208100
208100
1E8100
0E3E00
000000
0E4100
015000
208002
218201
004F00
0F4000
000000
0F3F01
208100
208100
70E000
70E000
70E000
70DE00
208100
208100
218201
208100
208100
208100
208100
208100
208100
208100
208100
208100
208100
208002
1F7F01
208100
0F4000
104100
004F00
208100
208100
208100
208100
004F00
0E4100
0F4000
208100
208100
71E101
70E000
70E000
70E000
70E000
208100
208100
1E8100
208100
208100
208100
208100
208100
208100
208100
208100
208100
208100
208100
208100
004F00
015000
1E8100
208100
218201
218000
208100
208100
004F00
024F00
208100
208100
70E000
70E000
71E101
6FDF00
70E000
70E000
208100
208100
208100
208100
208100
208100
208100
208100
208100
208100
1F7F01
218201
1F8000
208100
218201
208100
208100
218000
208100
208100
218201
208100
208100
208100
208100
208100
70E000
70E000
70E000
70E000
71E101
6FDF00
70E000
208100
208100
208100
208100
208100
208100
208100
208100
208100
208100
208100
208100
218200
208100
208100
208100
208100
208100
208100
218103
208100
218201
218201
208100
208100
70E000
70E000
70E000
71DF00
70E000
71DF02
70E000
70E000
208100
208100
208100
208100
208100
208100
208100
208100
1E8100
218000
208100
208100
218103
208100
1F8000
218000
1F8000
208100
1E8100
218201
208100
208100
208002
208100
6EE100
70E000
6EE100
71E101
6EE100
70E000
70E000
71DF00
208100
208100
208100
208100
208100
208100
208100
208100
208100
208100
208100
208100
208100
208100
208100
208100
208100
1F8000
1D8001
208100
218201
208100
218201
208100
70E000
70E000
70E000
70E000
70E000
70E000
70E000
70E000
208100
208100
70E000
70E000
208100
208100
208100
208100
208100
208100
1F8000
208100
208100
208100
208100
218201
208100
208100
208100
208100
208100
208100
208002
208100
70E000
70E000
70E000
70E000
70E000
70E000
70E000
70E000
70E000
70E000
70E000
70E000
70E000
208100
1F8000
208100
208002
1F8000
208100
208100
208002
208100
1F8000
208100
208100
208100
208100
208100
208100
208100
208100
208002
70E000
70E000
70E000
70E000
70E000
70E000
70E000
70E000
70E000
70E000
70E000
70E000
6FDF00
70E000
208100
208100
208100
208100
70E000
70E000
208100
208100
208100
208100
208100
1F8000
208100
208100
70E000
70E000
208100
208100
70E000
70E000
70E000
70E000
70E000
70E000
70E000
70E000
70E002
70E000
70E000
70E000
70E000
70E000
70E000
208100
208100
208100
70E000
70E000
70E000
1F8000
208100
208100
208100
208100
208100
70E000
70E000
70E000
70E000
208100
70E000
70E000
70E000
70E000
70E000
70E000
70E000
70E000
70E000
70E000
70E000
70E000
70E000
70E000
70E000
70E000
1F8000
208100
70E000
70E000
70E000
70E000
208100
208100
208100
208100
70E000
70E000
70E000
70E000
70E000
70E000
70E000
70E000
70E000
70E000
70E000
70E000
70E000
70E000
70E000
71E101
71E101
70E000
70E000
70E000
70E002
70E000
70E000
70E000
70E000
70E000
6FDF00
70E000
70E000
208100
208002
70E000
70E000
70E000
70E002
70E000
70E000
70E002
70E000
70E000
70E000
70E000
70E000
70E000
70E000
70E000
70E000
70E000
70E000
70E000
70E000
70E000
70E000
70E000
70E000
6FDF00
70E000
70E002
70E000
6FDF00
70E000
71E101
70E000
70E000
70E000
70E000
71E101
70E000
70E000
70E000
70E000
70E000
70E000
70E000
70E000
70E000
70E000
70E000
70E000
70E002
70E000
70E000
70E000
70E000
6FDF00
70E000
70E000
70E000
6FDE03
70E000
70E000
70E000
70E000
70E000
70E000
6FDF00
70E000
70E000
70E000
71E100
70E000
6FDF00
