70E000
70E000
70E000
70E000
70E000
70E000
70E000
70E000
70E000
70E000
70E000
70E000
70E000
70E000
70E000
70E000
70E000
70E000
70E000
70E000
70E000
70E000
70E000
70E000
6EE100
70E000
6EE100
6EDE00
6EE100
70E000
70E000
70E000
70E000
70E000
70E000
70E000
70E000
70E000
70E000
70E000
70E000
70E000
70E000
70E000
70E000
70E000
70E000
70E000
70E000
70E000
70E000
70E000
70E000
70E000
70E000
70E000
70E000
70E000
70E000
70E000
6EE100
70E000
6FDF00
70E000
70E000
70E000
70E000
70E000
70E000
70E000
70E000
70E000
70E000
70E000
70E000
70E000
70E000
70E000
70E000
70E000
70E000
70E000
70E000
70E000
70E000
70E000
70E000
70E000
6EE100
6EE100
70E000
6FDF01
70E000
70E000
70E000
71DF00
70E000
70E000
70E000
70E000
70E000
70E000
70E000
70E000
70E000
70E000
70E000
70E000
70E000
70E000
70E000
70E000
70E000
70E000
70E000
70E000
70E000
70E000
70E000
70E000
70E000
70E000
70E000
71E101
70E000
70E000
6FDF00
70E000
70E000
70E000
70E000
70E000
70E000
70E000
70E000
70E000
70E000
70E000
70E000
70E000
70E000
70E000
70E000
70E000
70E000
70E000
70E000
70E000
70E000
70E000
70E000
70E000
70E000
6FDF00
71E101
70E000
71DF00
6FDF00
70E000
70E002
70E000
70E000
70E000
70E000
70E000
70E000
70E000
70E000
70E000
70E000
70E000
70E000
70E000
70E000
70E000
70E000
70E000
70E000
70E000
70E000
70E000
70E000
70E000
70E000
70E000
6EE100
71E101
6EE100
71E101
70E000
70E000
70E002
70E000
70E000
70E000
70E000
70E000
70E000
70E000
70E000
70E000
70E000
70E000
70E000
70E000
70E000
70E000
70E000
70E000
70E000
70E000
70E000
70E000
70E000
70E000
70E000
71E100
6FDF00
70E000
70E000
70E000
70E000
70E000
70E002
70E000
70E000
70E000
70E000
70E000
70E000
70E000
70E000
70E000
70E000
70E000
70E000
70E000
70E000
70E000
70E000
70E000
70E000
70E000
70E000
70E000
70E000
70E000
70E000
71E101
70E000
6EE100
6EE100
70E000
70E000
70E000
6EE102
70E000
70E000
70E000
70E000
70E000
70E000
70E000
70E000
70E000
70E000
70E000
70E000
70E000
70E000
70E000
70E000
70E000
70E000
70E000
70E000
70E000
70E000
70E000
70E000
70E000
70E000
70E000
70E000
70E000
70E000
70E000
70E000
70E000
70E000
70E000
70E000
70E000
70E000
70E000
70E000
70E000
70E000
70E000
70E000
70E000
70E000
70E000
70E000
70E000
70E000
70E000
70E000
70E000
70E000
70E000
70E000
70E000
70E000
70E000
70E000
70E000
70E000
70E000
70E000
70E000
70E000
70E000
70E000
70E000
70E000
70E000
70E000
70E000
70E000
70E000
70E000
70E000
70E000
70E000
70E000
70E000
70E000
70E000
70E000
70E000
70E000
70E000
70E000
70E000
70E000
70E000
70E000
70E000
70E000
70E000
70E000
70E000
70E000
70E000
70E000
70E000
70E000
70E000
70E000
70E000
70E000
70E000
70E000
70E000
70E000
70E000
70E000
70E000
70E000
70E000
70E000
70E000
70E000
70E000
70E000
70E000
70E000
70E000
70E000
70E000
70E000
70E000
70E000
70E000
70E000
70E000
70E000
70E000
70E000
70E000
70E000
70E000
70E000
70E000
70E000
70E000
70E000
70E000
70E000
70E000
70E000
70E000
70E000
70E000
70E000
70E000
70E000
70E000
70E000
70E000
70E000
70E000
70E000
70E000
70E000
70E000
70E000
70E000
70E000
70E000
70E000
70E000
70E000
70E000
70E000
70E000
70E000
70E000
70E000
70E000
70E000
70E000
70E000
70E000
70E000
70E000
70E000
70E000
70E000
70E000
70E000
70E000
70E000
70E000
70E000
70E000
70E000
70E000
70E000
70E000
70E000
70E000
70E000
70E000
70E000
70E000
70E000
70E000
70E000
70E000
70E000
70E000
70E000
70E000
70E000
70E000
70E000
70E000
70E000
70E000
70E000
70E000
70E000
70E000
70E000
70E000
70E000
70E000
70E000
70E000
70E000
70E000
70E000
70E000
70E000
70E000
70E000
70E000
70E000
70E000
70E000
70E000
70E000
70E000
70E000
70E000
70E000
70E000
70E000
70E000
70E000
70E000
70E000
70E000
70E000
70E000
70E000
70E000
70E000
70E000
70E000
505050
4F514E
514F50
505050
505050
505050
505050
4F4F4F
505050
70E000
70E000
70E000
70E000
6EE100
71E100
70E000
70E000
6FDF00
70E002
70E000
6EE100
70E000
6EE100
70E000
70E000
70E000
70E000
70E000
70E000
70E000
70E000
70E000
505050
505050
505050
4F5150
514F50
505050
505050
505050
505050
505050
71E101
70E000
70E000
70E000
71E101
6EE100
6EE100
70E000
70E000
70E000
70E000
70E000
71E101
70E000
70E000
70E000
70E000
70E000
70E000
70E000
70E000
70E000
505050
505050
505050
505050
505050
505050
505050
505050
505050
505050
514F50
504E51
505050
6EE100
70E000
70E000
70E000
6EE100
70E000
70E000
70E000
6DE000
70E000
70E000
70E000
70E000
70E000
70E000
70E000
70E000
70E000
70E000
40403E
404040
505050
515151
4F4F4F
505050
505050
505052
505050
505251
505050
505050
505050
4F4F4F
70E000
70E000
70E000
70E000
70E000
70E000
70E000
70E000
70E000
70E000
70E000
70E000
70E000
70E000
70E000
70E000
70E000
70E000
40403E
404040
404040
515151
505050
505050
505050
505050
514F50
505050
505050
505050
505050
505050
505050
70E000
70E000
70E000
70E000
71E101
70E000
70E000
70E000
6FDF00
70E000
70E000
70E000
70E000
70E000
70E000
70E000
70E000
404040
404040
404040
505050
505050
505050
505050
514F50
4F5150
505050
505050
4F5150
505050
505050
505050
505050
71E101
71E101
71E100
70E000
70E000
70E000
70E000
70E002
70E000
70E000
70E000
70E000
70E000
70E000
70E000
70E000
1F2F00
1F3101
404040
505050
505050
50504E
515151
4F514E
514F52
505050
505050
505050
4F4F4F
505052
505050
505052
514F50
70E000
71E101
70E000
70E000
6EE100
70E000
6FDF00
70E000
70E000
70E000
70E000
70E000
70E000
70E000
70E000
203001
203000
414141
40403E
404040
404040
404040
404040
404040
404040
4F5150
505050
4F514E
505050
505050
515151
514F50
505050
6EE100
70E000
6FDF00
71DF00
70E000
6FDF00
70E000
70E000
70E000
70E000
70E000
70E000
70E000
70E000
000000
000000
1F3101
404040
40403E
404040
40423F
203001
404040
403E3F
3F3F3F
505050
4F4F4F
505050
505050
505050
505050
404040
505050
208100
70E000
70E000
70E000
70E000
70E000
70E000
70E000
70E000
70E000
70E000
70E000
70E000
404040
404040
404040
1F3100
000000
000000
203001
1F3101
404040
404040
3F3F3F
505050
505050
505050
505052
505050
404040
404241
203001
1F8000
70E000
6EE100
70E000
70E000
70E000
70E000
70E000
70E000
70E000
70E000
70E000
70E000
404241
404040
404040
404042
203001
1F2F00
404042
3F3F3F
404040
414141
50504E
514F50
4F5150
514F50
505050
404040
404040
203001
000000
208100
70E000
71DF00
70E000
70E000
70E000
70E000
70E000
70E000
70E000
70E000
70E000
70E002
51504E
505050
50504E
413F40
3F4140
404040
404040
514F50
505050
4F5150
4F5150
505050
505050
4F5150
4F5150
404040
404040
1F3101
000000
208100
70E000
70E000
70E000
70E000
70E000
70E000
70E000
70E000
70E000
70E000
70E000
70E000
505050
505050
505050
404042
40403E
404040
404040
515151
505050
4F5150
505050
4F4F4F
505050
4F5150
505050
505050
404040
424041
203001
208100
70E000
70E000
70E000
70E000
70E000
70E000
70E000
70E000
70E000
70E000
70E000
6FE201
404040
404040
404040
404040
203001
203001
404042
404040
404040
404040
40403E
404040
505050
50504E
505050
505050
515151
404040
413F40
208100
71E101
70E000
71E101
70E000
70E000
70E000
70E000
70E000
70E000
70E000
70E000
70E10D
404040
3F3F3F
3F3F3F
1F3101
000000
000000
213102
404040
404040
1F3100
404040
404040
3F4140
505050
515151
514F50
4F4F4F
404040
3F3F3F
208100
70E000
70E000
70E000
70E000
70E000
70E000
70E000
70E000
71DF00
70E000
70E000
72E119
505050
505050
505050
4F4F4F
514F50
4F5150
4F5052
505052
50504E
505050
505050
4F4F4F
404040
404042
404040
3F3F3F
4F5150
3F4140
404040
208100
70E000
70E000
70E000
70E000
70E000
70E000
71E101
70E000
71E000
70E000
70E000
73E21A
