70E000
70E000
70E000
6EE100
71DF00
71E101
70E000
70E000
6FDF00
71E101
70E000
70E000
6EE100
70E000
70E000
70E002
70E000
70E000
6EE102
70E000
6DE000
70E000
1D8001
505050
505050
505050
505050
70E000
70E000
6EE100
70E000
6FDF00
70E000
70E000
70E000
71E101
70E000
71E101
6EE100
70E000
71E101
70E000
70E000
70E000
71E101
70E000
70E000
70E002
6EE100
70E000
6EE100
71E101
70E000
70E000
208100
404040
404040
505050
4F4F4F
505050
6FE201
71DF00
70E000
70E000
70E000
70E002
70E000
6EE100
70E000
6EE100
70E000
70E000
70E000
70E000
70E000
70E000
70E000
70E000
70E000
70E000
70E000
6EE100
70E000
70E000
1F8000
208002
404042
404040
505050
505050
505050
505050
505050
70E000
70E000
70E000
70E000
70E000
70E000
71DF00
70E000
70E000
70E000
71E101
70E000
70E000
70E000
70E000
70E000
71DF00
C0F171
70E000
71DF00
71DF00
70E000
71E101
208100
203001
414141
505052
505050
4F4F4F
505050
505050
505050
4F4F4F
70E000
70E000
71E000
70E000
70E000
70E000
70E002
70E000
218000
505050
505050
505050
4F5150
505050
515153
505050
A0A0A0
A0A0A2
6FDF00
70E000
6EE100
70E000
208100
203001
404040
515151
A0A0A0
A0A0A2
A0A0A0
A09E9F
A0A0A0
A0A0A0
BFF070
70E000
70E000
71E101
71E101
70E000
6EE100
6DE000
1F8201
3F3F3D
404040
505050
4F4F4F
505050
505050
505050
A0A0A0
A0A0A0
A0A0A0
70E000
70E000
70E000
1F7F01
208100
404042
505050
A0A0A0
A0A09E
A0A09E
A0A0A0
A19FA0
A0A0A0
70E000
70E000
70E000
70E000
71DF00
6EE100
208002
1E8100
404040
404040
505050
505050
505050
4F4F4F
505050
505052
A0A0A0
A0A09E
A0A0A0
A19FA0
70E000
70E000
71E101
6EE100
208100
4F4F4F
A0A0A0
A0A0A0
A0A0A0
A1A1A1
A19FA0
70E000
71E101
6FDF00
70E000
71DF02
70E000
70E000
208100
3F3F3F
404040
505050
505050
505050
505050
505050
404040
505050
A0A0A0
A0A0A2
A0A0A0
A0A0A0
A0A0A2
70E000
70E000
70E000
208100
514F50
A0A0A0
A0A0A0
A0A0A0
A0A0A0
70E000
70E000
70E000
70E000
71E101
70E000
208100
1F8000
404040
404040
505050
505052
505050
505050
505050
413F40
404040
525051
A1A1A1
A0A0A0
A0A0A0
A0A0A0
A0A09E
A0A0A2
70E000
6FE201
70E000
70E000
BFF070
C0F171
C1EF72
6FDF00
70E000
70E000
70E000
71DF00
70E000
70E000
208100
413F40
404042
505050
505050
514F50
4F5150
505050
404040
3F3F3F
1F3101
505050
A0A0A0
A0A0A2
A1A1A3
A0A0A0
A0A0A0
A0A0A0
BFF070
6EE100
72E001
6FDF00
70E000
70E000
6FDF00
70E000
70E000
70E000
70E000
70E000
70E000
71DF00
208100
40403E
404040
505050
505050
514F50
514F50
404040
404042
203001
000000
514F50
9FA1A0
A0A0A2
A0A0A0
A0A09E
A0A09E
A0A0A0
BFF070
70E000
70E000
70E000
6FDF00
70E000
70E000
70E000
71DF00
70E000
70E000
70E000
70E000
70E000
208100
404042
404040
50504E
505050
505050
505050
505050
505050
505050
505050
505050
9F9F9F
A0A0A0
9FA1A0
A0A0A0
A1A1A1
A1A1A1
BFF070
70E000
70E000
70E002
70E000
70E000
70E000
71DF00
70E000
6EE102
70E000
70E000
70E000
70E000
208100
404040
404040
505050
505050
505052
A0A0A0
A0A0A0
A0A0A0
A0A0A0
A0A0A0
A0A0A0
505050
A0A0A0
A1A1A1
A0A0A0
9F9F9F
A0A0A0
BFF070
70E000
71DF00
70E000
70E000
70E000
71DF00
70E000
6EE100
70E000
70E000
70E000
70E000
70E000
208100
222F01
404040
505050
505050
A0A0A2
A0A0A0
A0A0A0
A0A0A0
A0A0A0
9F9F9F
A0A09E
A0A0A0
505050
A0A0A0
A0A0A0
A0A0A0
A09E9F
70E000
70E000
70E000
70E000
70E000
6FDF00
70E000
70E000
6EE102
70E000
70E000
70E000
70E000
70E000
208100
203001
404040
505050
A0A0A0
A0A0A0
A0A0A0
A0A0A0
A0A0A0
A19FA0
9F9F9F
A0A0A0
A0A0A0
A0A0A0
505050
505052
A19FA0
70E000
6FDF00
70E000
70E000
70E000
71DF00
70E000
70E000
6FDF00
70E000
71E101
70E000
70E000
70E000
70E000
208100
208100
404040
505050
9FA19E
A1A1A1
A0A0A0
A0A0A0
A0A0A0
A0A0A0
A0A0A0
A0A0A0
A0A0A0
A0A0A0
505052
6FE201
70E000
70E000
70E000
70E000
70E000
70E000
6EE102
70E002
70E000
70E000
70E000
6EE100
70E000
71E100
70E000
70E000
70E000
70E000
1F8000
505050
A0A0A0
A0A09E
A0A09E
A0A0A0
A0A0A0
9FA19E
A0A0A0
A0A0A0
A0A2A1
A0A0A0
A09E9F
70E000
70E000
6FDF00
71DF00
70E000
70E000
70E000
70E000
70E000
70E000
70E000
70E000
70E000
70E000
70E000
70E000
70E000
70E002
71E101
208100
4F4F4F
A0A0A0
A0A0A0
A0A0A0
A19FA0
A0A0A0
A0A0A0
A0A0A0
9DA1A0
A19FA0
A0A0A0
70E000
71E101
70E000
6EE100
70E000
6FDF00
70E000
70E000
70E000
70E000
70E000
70E000
70E000
70E000
70E000
70E000
70E000
70E000
70E000
72E001
70E000
A19FA0
A0A0A0
A0A0A0
A0A0A0
A0A0A0
A19FA0
A0A0A2
A0A0A0
A1A1A1
A0A0A0
71E101
70E000
70E000
6FDF00
70E000
70E000
70E000
70E000
70E000
70E000
70E000
70E000
70E000
70E000
70E000
70E000
70E000
70E000
6FDF00
70E000
70E000
70E000
70E000
A19FA2
A0A0A0
9FA1A0
A0A0A0
A1A1A1
A0A0A0
A0A0A0
A19FA0
70E000
6FDF00
6FDF00
6EE100
70E000
70E000
70E002
70E000
70E000
70E000
70E000
70E000
70E000
70E000
70E000
70E000
70E000
70E000
6EE100
70E000
70E000
70E000
70E000
70E000
70E000
BFF16E
BFF070
C0F171
BFF070
BFF070
BFF070
70E000
6FDF00
70E002
71DF00
70E000
70E000
70E002
70E000
71DF00
6FDF00
70E000
70E000
70E000
70E000
70E000
70E000
70E000
70E000
70E000
70E000
6EE100
70E000
70E000
70E000
70E000
6EE100
70E000
70E000
70E000
70E000
70E000
70E002
6EE100
71DF00
70E000
70E000
70E000
70E000
70E000
71DF00
6EE100
70E000
70E000
70E000
70E000
70E000
70E000
70E000
70E000
70E000
70E000
70E000
70E000
71DF00
70E000
70E000
6EE100
6EE100
70E000
70E000
6EE100
70E000
71E101
70E002
70E002
70E000
6FDF00
6FDF00
70E000
70E000
70E000
70E000
70E000
70E000
70E000
70E000
70E000
70E000
70E000
70E000
70E000
70E000
70E000
70E000
70E002
71E103
70E002
70E000
70E000
70E000
71E101
70E000
70E000
70E000
71DF00
70E000
70E000
70E000
70E000
70E000
70E000
70E000
70E000
70E000
70E000
70E000
6EE100
70E000
70E000
70E000
70E000
70E000
70E000
70E000
70E000
70E000
70E000
70E000
70E000
70E000
70E000
70E000
70E000
70E000
70E000
70E000
70E000
70E000
70E000
70E000
70E000
70E000
70E000
70E000
70E000
70E000
70E000
70E000
70E000
70E000
70E000
70E000
70E000
70E000
70E000
70E000
70E000
70E000
70E000
70E000
70E000
70E000
70E000
70E000
70E000
70E000
70E000
70E000
70E000
70E000
70E000
70E000
70E000
70E000
70E000
70E000
70E000
70E000
70E000
70E000
70E000
70E000
70E000
70E000
70E000
70E000
70E000
70E000
70E000
70E000
70E000
70E000
70E000
70E000
70E000
70E000
70E000
70E000
70E000
70E000
70E000
70E000
70E000
70E000
70E000
70E000
70E000
70E000
70E000
70E000
70E000
70E000
70E000
70E000
70E000
70E000
70E000
70E000
70E000
70E000
70E000
70E000
70E000
70E000
70E000
70E000
70E000
70E000
70E000
70E000
70E000
70E000
70E000
70E000
70E000
70E000
70E000
70E000
70E000
70E000
70E000
70E000
70E000
70E000
70E000
70E000
70E000
70E000
70E000
70E000
70E000
70E000
70E000
70E000
70E000
70E000
70E000
70E000
70E000
70E000
70E000
70E000
70E000
70E000
70E000
70E000
70E000
70E000
70E000
70E000
70E000
70E000
70E000
70E000
70E000
70E000
70E000
70E000
70E000
70E000
70E000
70E000
70E000
70E000
70E000
70E000
70E000
70E000
70E000
70E000
70E000
70E000
70E000
70E000
70E000
70E000
70E000
70E000
70E000
70E000
70E000
70E000
70E000
70E000
70E000
70E000
70E000
70E000
70E000
70E000
70E000
70E000
70E000
70E000
70E000
70E000
70E000
70E000
70E000
70E000
70E000
70E000
70E000
70E000
70E000
70E000
70E000
70E000
70E000
70E000
70E000
70E000
70E000
70E000
70E000
70E000
70E000
70E000
70E000
70E000
70E000
70E000
70E000
70E000
70E000
70E000
70E000
70E000
70E000
70E000
70E000
70E000
70E000
70E000
70E000
70E000
70E000
70E000
70E000
70E000
70E000
70E000
70E000
70E000
70E000
70E000
70E000
70E000
70E000
70E000
70E000
70E000
70E000
70E000
70E000
70E000
70E000
70E000
70E000
70E000
70E000
