70E000
70E000
70E000
70E000
70E000
70E000
70E000
70E000
71E101
70E000
70E000
70E000
70E000
70E000
208100
000000
000000
000002
010101
000000
1F3101
505050
A1A1A1
A2A2A2
A0A0A0
A0A0A0
A0A0A0
A0A0A0
A0A0A0
A0A0A0
A0A0A0
A0A0A0
70E000
70E000
70E000
70E000
70E000
70E000
70E000
70E000
71DF00
70E000
70E000
70E000
71E101
71E103
208100
000000
000000
404040
514F50
505050
4F5150
505050
A0A0A0
A1A1A1
A0A0A0
A1A1A1
A0A0A0
A0A0A0
A0A0A0
A0A0A0
A0A0A0
A1A1A1
70E000
70E000
70E000
70E000
70E000
70E000
70E000
70E000
70E000
70E000
70E000
70E000
70E000
70E000
208002
010000
000000
505050
A0A0A0
A0A0A0
A09E9F
A0A0A0
A0A0A0
A1A1A1
A0A0A0
A0A0A0
A0A0A0
A0A0A0
A0A0A0
A0A0A0
A0A0A0
A0A0A0
70E000
70E000
70E000
70E000
70E000
70E000
70E000
70E000
70E000
70E000
70E002
70E000
70E000
6EE100
208100
203001
4F4F4F
4F4F51
9FA1A0
A0A09E
A1A1A1
A0A0A0
A0A0A0
A0A0A0
A0A0A0
A0A0A0
A1A1A1
A0A0A0
A0A0A0
A0A0A0
A0A0A0
A0A0A0
70E000
70E000
70E000
70E000
70E000
70E000
70E000
70E000
70E000
70E000
70E000
6EE100
6EE102
71E101
208100
505052
A0A09E
A0A0A0
A0A0A0
A0A0A0
A0A0A0
A0A0A0
A0A0A0
9FA19E
505050
505050
505050
505050
505050
505050
505050
505050
70E000
70E000
70E000
70E000
70E000
70E000
70E000
70E000
70E000
70E000
70E000
70E000
70E000
6EE100
505052
505050
A0A0A2
9F9F9D
A0A0A0
A0A0A0
A0A0A0
A0A0A0
A0A0A0
A0A0A0
505050
000000
000000
000000
000000
000000
000000
000000
70E000
70E000
70E000
70E000
70E000
70E000
70E000
70E000
70E000
70E002
70E000
71E101
208100
505050
A0A0A0
9FA1A0
9F9F9F
A0A0A0
A0A0A0
A0A0A0
505050
50504E
515151
505050
404040
000000
000000
000000
000000
000000
000000
000000
70E000
70E000
70E000
70E000
70E000
70E000
70E000
70E000
70E000
70E000
70E002
70E000
208100
505050
A0A0A0
A0A0A0
A1A1A1
A0A0A0
9FA19E
A0A0A0
505050
010101
010000
000000
000000
000000
000000
000000
000000
000000
000000
000000
70E000
70E000
70E000
70E000
70E000
70E000
70E000
70E000
70E000
70E000
70E000
70E000
208100
505050
A0A0A0
A1A1A1
A0A0A0
A19FA0
505050
514F50
1F3101
000002
000000
000000
000000
000000
000002
000000
000000
000000
000000
000000
70E000
70E000
70E000
70E000
70E000
70E000
70E000
70E000
70E000
70E000
6EE100
71E101
505050
505050
A0A0A0
A0A0A0
A0A0A0
A0A0A0
4F5150
404040
203001
404040
404040
1F3101
000000
000002
010101
000000
000000
000000
000000
000000
70E000
70E000
70E000
70E000
70E000
70E000
70E000
70E000
70E000
70E000
208100
505052
A0A0A0
A0A0A0
A0A09E
A0A09E
4F4F4F
4F5150
404040
413F42
3F3F3F
404040
424041
404040
1F3302
000000
000000
010101
010101
000000
000100
000000
70E000
70E000
70E000
70E000
70E000
70E000
70E000
70E000
70E000
70E000
208100
4F5150
A0A0A0
A0A0A0
A0A0A0
A1A1A1
505050
1F2F00
404040
404042
505050
505050
505052
404040
404040
3F4140
1F3101
414141
3F3F3F
414141
413F40
203001
70E000
70E000
70E000
70E000
70E000
70E000
70E000
70E000
70E000
70E000
208100
404040
515151
505050
515151
4F4F4F
404040
000000
203001
414141
505050
505050
4F4F4F
505052
404040
404040
404040
404040
404040
404040
404040
404040
70E000
70E000
70E000
70E000
70E000
70E000
70E000
70E000
71E101
70E000
1E8100
414143
3F3F3D
505050
505050
404040
40403E
000000
203001
404040
404040
505050
505050
4F4F4F
4F4F4D
505050
505050
505052
515151
505050
50504E
414141
70E000
70E000
70E000
70E000
70E000
70E000
70E000
70E000
6EE100
70E000
208100
203001
404040
505050
515151
404040
203202
203001
404040
404040
514F50
50504E
505050
505050
505050
505050
505050
505050
4F4F4F
534F50
4F4F4F
404040
70E000
70E000
70E000
70E000
70E000
70E000
70E000
70E000
70E000
70E000
208100
404042
404040
505050
505050
404042
203001
203001
3F3F3F
505050
505050
505050
515151
505050
514F50
515151
404040
40403E
3F4140
404042
404040
3F413E
70E000
70E000
70E000
70E000
70E000
70E000
70E000
70E000
70E000
70E000
218201
404040
404040
505050
505050
3F3F3F
3F3F3F
404040
3F3F3F
505050
515151
505050
4F5052
505050
505050
404040
413F42
414141
1F3101
404040
414141
1F2F00
70E000
70E000
70E000
70E000
70E000
70E000
70E000
70E000
70E000
70E000
208100
404040
404040
505050
505050
505050
505050
505050
404040
404040
505050
4F5150
505050
505050
514F50
404040
403E3F
203001
000201
000000
1F2F00
40403E
70E000
70E000
70E000
70E000
70E000
70E000
70E000
70E000
70E000
71E101
208100
404040
404040
505050
505050
505050
A0A0A0
A0A0A0
505050
404040
404040
514F50
515151
505050
505050
505050
3F4140
404040
203001
203001
404040
404040
70E000
70E000
70E000
70E000
70E000
70E000
70E000
70E000
70E000
70E000
208100
404040
404040
505050
505050
505050
A0A0A0
A0A0A0
505050
505050
404040
404040
404040
404040
505050
505050
514F50
3F3F3F
404040
404040
413F40
505050
70E000
70E000
70E000
70E000
70E000
70E000
70E000
70E000
70E000
70E000
208100
404040
404040
505050
505050
505050
9FA1A0
A09E9F
A0A0A0
A0A0A0
505050
203003
1F2F00
404040
3F3F3F
514F50
505050
404040
413F40
41413F
404040
505050
70E000
70E000
70E000
70E000
70E000
70E000
70E000
70E000
71E101
70E000
208100
404040
404040
505050
505050
515151
A0A0A0
A0A0A0
9F9F9F
A0A0A0
4F4F4F
505050
505050
505050
404040
404040
3F3F3F
414141
203001
222F01
404040
404040
70E000
70E000
70E000
70E000
70E000
70E000
70E000
70E000
70E000
70E000
208100
3F3F3F
3F3F3F
505050
505050
505050
A0A0A0
A0A0A0
A1A1A1
9F9F9F
A1A1A1
A0A0A0
A0A0A0
A1A1A1
505050
404040
203000
203001
000000
000000
1E3000
41413F
70E000
70E000
70E000
70E000
70E000
70E000
70E000
70E000
71E101
70E000
208100
404040
3F3F3F
505050
505050
505050
A0A0A0
A0A0A0
A0A0A0
A0A0A0
A0A0A0
9F9F9F
A0A0A0
A0A0A0
505050
505050
505050
505050
505050
514F50
505050
505052
70E000
70E000
70E000
70E000
70E000
70E000
70E000
70E000
6FDF00
70E000
208100
404040
404040
514F50
505050
505050
A0A0A0
A0A0A0
A1A1A3
A0A0A0
A19FA0
A0A09E
9F9F9F
A0A0A0
A0A0A0
A0A0A0
A0A0A0
A0A0A0
A0A0A0
A0A0A0
A0A0A0
A0A0A0
70E000
70E000
70E000
70E000
70E000
70E000
70E000
70E000
70E000
70E000
208100
404040
404040
505050
515151
505050
6EE100
70E000
A0A0A0
9F9F9F
A0A0A0
A19FA0
A0A0A0
9F9F9F
A0A0A0
A0A0A0
A0A0A0
A0A0A0
A0A0A0
A0A0A0
A0A0A0
A0A0A0
70E000
70E000
70E000
70E000
70E000
70E000
70E000
70E000
70E000
71E101
1D8001
3F4140
404040
505050
505050
505050
6FDF00
70E000
70E000
BEEF6F
C1F070
A0A0A0
A0A0A2
A1A1A1
A0A0A0
A0A0A0
A0A0A0
A0A0A0
A0A0A0
A0A0A0
A0A0A0
A0A0A0
70E000
70E000
70E000
70E000
70E000
70E000
70E000
70E000
6FDF00
70E000
208100
413F40
404040
505050
505052
505050
70E000
70E000
70E000
70E000
70E000
71DF00
A0A0A0
A19FA0
A0A0A0
A0A0A0
A0A0A0
A0A0A0
A0A0A0
A0A0A0
A0A0A0
A0A0A0
70E000
70E000
70E000
70E000
70E000
70E000
70E000
70E000
70E000
70E000
1F8000
404040
404040
505052
505050
4F5150
70E000
6EE100
70E000
6FDF00
70E000
70E000
70E000
BFF070
BFF070
BFF070
BFF070
BFF070
BFF070
BFF070
BFF070
BFF070
70E000
70E000
70E000
70E000
70E000
70E000
70E000
70E000
70E000
70E000
208100
002F3F
404040
404040
404040
505050
71E101
70E000
71E101
70E000
70E000
6FDF00
70E000
70E000
70E000
70E000
70E000
70E000
70E000
70E000
70E000
70E000
70E000
70E000
70E000
70E000
70E000
70E000
70E000
70E000
208100
208100
0F4000
000000
203001
404040
404040
0F4000
1E8100
208100
208100
208100
208100
208100
1F8000
208100
208100
208100
208100
208100
208100
208100
208100
208100
70E000
70E000
70E000
70E000
70E000
70E000
70E000
70E000
5F6002
9F4000
9F4000
A24001
9F4000
9F4000
9F4000
9F4000
4F1000
4F1000
9F4000
9F4000
9F4000
9F4000
A13F00
9F4000
9F4000
9F4000
9F4000
9F4000
9F4000
9F4000
9F4000
9F4000
