70E000
70E000
70E000
70E000
70E000
70E000
70E000
70E000
70E000
70E000
70E000
70E000
70E000
70E000
70E000
70E000
70E000
70E000
70E000
70E000
70E000
70E000
70E000
70E000
70E000
70E000
70E000
70E000
70E000
70E000
70E000
70E000
70E000
70E000
70E000
70E000
70E000
70E000
70E000
70E000
70E000
70E000
70E000
70E000
70E000
70E000
70E000
70E000
70E000
70E000
70E000
70E000
70E000
70E000
70E000
70E000
70E000
70E000
70E000
70E000
70E000
70E000
70E000
70E000
70E000
70E000
70E000
70E000
70E000
70E000
70E000
70E000
70E000
70E000
70E000
70E000
70E000
70E000
70E000
70E000
70E000
70E000
70E000
70E000
70E000
70E000
70E000
70E000
70E000
70E000
70E000
70E000
70E000
70E000
70E000
70E000
70E000
70E000
70E000
70E000
70E000
70E000
70E000
70E000
70E000
70E000
70E000
70E000
70E000
70E000
70E000
70E000
70E000
70E000
70E000
70E000
70E000
70E000
70E000
70E000
70E000
70E000
70E000
70E000
70E000
70E000
70E000
70E000
70E000
70E000
70E000
70E000
70E000
70E000
70E000
70E000
70E000
70E000
70E000
70E000
70E000
70E000
70E000
70E000
70E000
70E000
70E000
70E000
70E000
70E000
70E000
70E000
70E000
70E000
70E000
70E000
70E000
70E000
70E000
70E000
70E000
70E000
70E000
70E000
70E000
70E000
70E000
70E000
70E000
70E000
70E000
70E000
70E000
70E000
70E000
70E000
70E000
70E000
70E000
70E000
70E000
70E000
70E000
70E000
70E000
70E000
70E000
70E000
70E000
70E000
70E000
70E000
70E000
70E000
70E000
70E000
70E000
70E000
70E000
70E000
70E000
70E000
70E000
70E000
70E000
70E000
70E000
70E000
70E000
70E000
70E000
70E000
70E000
70E000
70E000
70E000
70E000
70E000
70E000
70E000
70E000
70E000
70E000
70E000
70E000
70E000
70E000
70E000
70E000
70E000
70E000
70E000
70E000
70E000
70E000
70E000
70E000
70E000
70E000
70E000
70E000
70E000
70E000
70E000
70E000
70E000
70E000
70E000
70E000
70E000
70E000
70E000
70E000
70E000
70E000
70E000
70E000
70E000
70E000
70E000
70E000
70E000
70E000
70E000
70E000
70E000
70E000
70E000
70E000
70E000
70E000
70E000
70E000
70E000
70E000
70E000
70E000
70E000
70E000
70E000
70E000
70E000
70E000
70E000
70E000
70E000
70E000
70E000
70E000
70E000
70E000
70E000
70E000
70E000
70E000
70E000
70E000
70E000
70E000
70E000
70E000
70E000
70E000
70E000
70E000
70E000
70E000
70E000
70E000
70E000
70E000
70E000
70E000
70E000
70E000
70E000
70E000
70E000
70E000
70E000
70E000
70E000
70E000
70E000
70E000
70E000
70E000
70E000
70E000
70E000
70E000
70E000
70E000
70E000
70E000
70E000
70E000
70E000
70E000
70E000
70E000
70E000
70E000
70E000
70E000
70E000
70E000
70E000
70E000
70E000
70E000
70E000
70E000
70E000
70E000
70E000
70E000
70E000
70E000
70E000
70E000
70E000
70E000
70E000
70E000
70E000
70E000
70E000
70E000
70E000
70E000
70E000
70E000
70E000
70E000
70E000
70E000
70E000
70E000
70E000
70E000
70E000
70E000
70E000
70E000
70E000
70E000
70E000
70E000
70E000
70E000
70E000
70E000
70E000
70E000
70E000
70E000
70E000
70E000
70E000
70E000
70E000
70E000
70E000
70E000
70E000
70E000
70E000
70E000
70E000
70E000
70E000
70E000
70E000
70E000
70E000
70E000
70E000
70E000
70E000
70E000
70E000
70E000
70E000
70E000
70E000
70E000
70E000
70E000
70E000
70E000
70E000
70E000
70E000
70E000
70E000
70E000
70E000
70E000
70E000
70E000
70E000
70E000
70E000
70E000
70E000
70E000
70E000
70E000
70E000
70E000
70E000
70E000
70E000
70E000
70E000
70E000
70E000
70E000
70E000
70E000
70E000
70E000
70E000
70E000
70E000
70E000
70E000
70E000
70E000
70E000
70E000
70E000
70E000
70E000
70E000
70E000
70E000
70E000
70E000
70E000
70E000
70E000
70E000
70E000
70E000
70E000
70E000
70E000
70E000
70E000
70E000
70E000
70E000
70E000
70E000
70E000
70E000
70E000
70E000
70E000
70E000
70E000
70E000
70E000
70E000
70E000
70E000
70E000
70E000
70E000
70E000
70E000
70E000
70E000
70E000
70E000
70E000
70E000
70E000
70E000
70E000
70E000
70E000
70E000
70E000
70E000
70E000
70E000
70E000
70E000
70E000
70E000
70E000
70E000
6EE100
6FE200
4F4F4F
505050
505050
4F5150
505050
505050
505050
70E000
70E000
70E000
70E000
70E000
70E000
70E000
70E000
70E000
70E000
70E000
70E000
70E000
70E000
70E000
70E000
70E000
71E101
70E000
70E000
6EE100
70E000
70E000
70E000
4F4F4F
505050
505050
514F50
505050
505050
505050
50504E
70E000
70E000
70E000
70E000
70E000
70E000
70E000
70E000
70E000
70E000
70E000
70E000
70E000
70E000
70E000
70E000
70E000
70E000
70E000
70E000
70E000
514F50
504E4F
505050
505050
505050
505050
505050
505050
515151
4F4F4F
505052
70E000
70E000
70E000
70E000
70E000
70E000
70E000
70E000
70E000
70E000
70E000
70E000
70E000
70E000
70E000
70E000
71DF00
70E000
70E000
70E000
505050
505052
505050
505050
505050
514F50
505050
505050
50504E
505050
505050
505050
70E000
70E000
70E000
70E000
70E000
70E000
70E000
70E000
70E000
70E000
70E000
70E000
70E000
70E000
70E000
70E000
70E000
70E000
208100
505050
403E3F
505050
505050
505052
4F5150
505050
505050
50504E
505050
4F5150
505050
404040
70E000
70E000
70E000
70E000
70E000
70E000
70E000
70E000
70E000
70E000
70E000
70E000
70E000
70E000
70E000
70E000
71E101
6EE102
208100
3F3F3F
413F40
505050
505050
50504E
505050
505050
515151
505050
4F5150
504E4F
505050
404040
70E000
70E000
70E000
70E000
70E000
70E000
70E000
70E000
70E000
70E000
70E000
70E000
70E000
70E000
70E000
70E000
1E8100
208100
0F4000
203001
414141
505050
505050
505052
505050
505050
505050
505050
505050
505050
4F4F4F
404040
70E000
70E000
70E000
70E000
70E000
70E000
70E000
70E000
70E000
70E000
70E000
70E000
70E000
70E000
70E000
70E000
208100
000000
000000
1F2F02
404042
404040
505050
515151
505050
50504E
505052
505050
404040
404040
404040
424041
70E000
70E000
70E000
70E000
70E000
70E000
70E000
70E000
70E002
70E000
70E000
6DE000
71E100
71E101
1F8000
1F8300
0F4000
000000
010000
010000
203001
404040
3F4140
514F50
505050
505050
505050
404040
404040
404040
203000
203001
70E000
70E000
70E000
70E000
70E000
70E000
70E000
70E000
70E000
70E000
70E000
70E000
71E101
71E101
1F8000
000000
000000
000000
000000
000000
203001
404042
404040
4F4F4F
505050
505050
505050
404040
404040
404040
203001
404040
70E000
70E000
70E000
70E000
70E000
70E000
70E000
70E000
70E000
71E101
70E000
6FDF00
70E000
70E000
208100
000000
010101
000000
000000
203001
40403E
404040
505050
50504E
50504E
50504E
4F4F4F
505050
404040
413F40
404040
404040
70E000
70E000
70E000
70E000
70E000
70E000
70E000
70E000
70E000
70E000
70E000
6FDF00
70E000
70E000
208100
000000
000000
000000
000000
404042
404040
51514F
505050
504E4F
505050
4F5052
505050
505050
505050
505050
505050
505050
70E000
70E000
70E000
70E000
70E000
70E000
70E000
70E000
70E000
70E000
6EE100
71E101
70E000
70E000
208100
000000
000000
000000
000000
404040
404040
505050
505050
4F5150
50504E
515151
505050
505050
505050
505050
514F50
4F5150
70E000
70E000
70E000
70E000
70E000
70E000
70E000
70E000
70E002
71E101
71DF00
6EE100
70E000
70E000
208100
000000
000000
000000
000000
3F3F3D
404040
505050
404040
404040
413F40
404040
404040
404040
40403E
3F4140
404042
404040
70E000
70E000
70E000
70E000
70E000
70E000
70E000
70E000
70E000
70E002
70E000
70E000
70E000
70E000
208100
000000
000000
010101
000000
404040
414141
40403E
404040
404040
203001
40403E
3F4140
404040
404040
414141
404040
40403E
70E000
70E000
70E000
70E000
70E000
70E000
70E000
70E000
71DF00
70E000
70E000
70E000
70E000
70E000
218201
000002
010000
000000
000000
203001
40403E
404040
505050
515151
505050
505050
505050
505050
505050
51514F
50504E
505050
